179	157	155	142
0	5	1	36
0	1	1	38
0	2	1	24
0	5	1	45
0	4	1	48
0	10	0	10
0	6	0	3
0	6	2	34
0	12	1	30
0	16	4	70
0	15	1	36
0	8	1	22
2	80	1	40
0	6	0	8
0	7	0	3
0	10	0	12
0	14	0	27
0	10	0	9
2	90	0	6
2	85	1	81
0	6	0	24
0	12	0	42
2	88	1	76
0	11	1	75
0	20	0	41
1	74	2	44
1	63	0	43
0	12	0	15
0	25	0	15
0	15	0	29
0	9	0	38
0	32	0	41
1	50	0	22
0	25	0	34
0	12	0	38
1	55	0	10
0	8	0	37
0	11	0	39
0	31	0	28
1	65	0	34
0	12	0	38
0	20	0	40
0	37	0	33
0	7	2	75
0	34	1	65
1	24	0	38
0	20	0	36
0	26	1	39
1	47	1	38
0	15	0	33
2	83	1	42
0	8	0	25
0	17	3	72
0	17	4	72
4	74	3	66
0	6	0	28
0	5	1	41
7	67	4	53
11	74	2	45
0	4	5	72
6	66	4	68
0	7	11	59
0	3	17	82
0	11	3	58
0	3	7	53
0	9	14	53
2	45	1	41
1	44	0	38
0	40	2	51
1	42	360	360
0	42	360	360
0	47	360	360
1	50	360	360
0	20	360	360
0	33	360	360
1	48	360	360
0	40	360	360
0	40	360	360
2	57	360	360
0	15	360	360
2	89	360	360
0	62	360	360
1	41	360	360
0	33	360	360
0	27	360	360
0	33	360	360
0	27	360	360
0	60	360	360
0	41	360	360
0	20	360	360
2	53	360	360
0	25	360	360
1	35	360	360
0	61	360	360
0	25	360	360
0	43	360	360
0	26	360	360
0	54	360	360
0	31	360	360
0	37	360	360
0	15	360	360
0	24	360	360
0	27	360	360
0	27	360	360
0	63	360	360
0	21	360	360
0	18	360	360
0	63	360	360
0	38	75	29
0	23	173	30
0	13	0	31
1	46	360	360
0	15	0	27
0	57	4	52
1	46	0	33
0	19	0	27
0	31	0	36
0	19	0	26
1	55	0	15
0	16	0	27
0	24	0	24
0	25	0	41
0	46	1	31
0	15	0	29
0	31	0	10
0	10	0	67
0	16	0	22
0	43	0	37
0	36	0	25
0	19	0	31
0	22	0	39
0	48	0	31
0	26	0	38
0	12	0	28
0	26	0	31
0	9	0	6
0	19	0	18
0	10	0	23
0	24	0	33
0	67	3	106
1	76	0	35
0	40	6	54
1	60	0	30
0	36	0	40
0	54	0	44
0	24	3	49
0	22	178	102
0	73	0	40
0	34	3	90
0	31	0	62
1	97	0	61
0	7	2	95
0	31	0	37
0	19	0	38
0	11	0	15
0	42	0	20
0	14	0	20
0	8	0	37
0	33	0	25
0	19	0	36
0	16	0	75
0	32	1	84
0	65	0	38
0	24	0	26
0	7	0	90
0	33	0	40
0	19	0	43
0	24	1	76
1	75	0	48
1	69	0	44
0	77	0	40
0	19	0	82
0	70	1	81
0	18	0	20
0	12	0	53
1	82	0	51
0	66	0	53
0	73	0	67
0	28	0	38
0	64	0	32
0	34	0	10
0	66	0	72
0	32	0	34
0	71	0	35
0	47	0	41
0	84	0	37
0	10	0	38
0	32	0	32
0	35	0	38
0	27	0	37
0	27	0	36
0	48	0	36
0	40	0	13
0	32	0	42
1	70	0	41
0	16	0	41
0	19	1	41
0	48	0	66
0	46	1	75
0	23	0	30
0	23	0	38
0	36	0	30
0	16	1	92
0	39	0	39
0	18	0	78
0	34	0	86
0	79	0	75
0	54	0	48
0	26	0	48
0	7	0	27
0	39	2	73
0	8	0	69
0	33	0	38
0	8	0	44
0	7	1	73
0	27	0	57
0	30	0	48
0	48	0	70
0	21	0	49
0	54	0	45
0	10	0	43
0	37	0	47
0	16	0	54
0	5	0	46
0	4	0	46
0	16	0	39
0	14	0	13
0	19	1	76
0	6	0	46
0	63	0	46
0	8	0	46
1	75	1	59
1	70	0	55
0	6	0	49
0	10	1	68
0	18	1	48
1	82	0	21
0	7	0	54
0	11	0	47
0	13	1	46
0	8	0	44
2	89	1	63
0	13	0	10
1	88	0	45
0	15	0	44
0	6	1	59
0	7	0	47
0	29	1	84
0	6	0	46
0	23	0	26
0	7	2	61
0	34	0	38
0	8	1	49
2	85	2	104
0	31	0	35
0	12	1	65
0	30	1	69
0	10	0	29
0	6	1	86
0	19	0	2
2	88	0	12
0	9	1	41
0	11	0	24
0	9	0	18
0	16	0	22
0	12	0	24
0	9	0	26
0	15	1	56
0	3	0	27
0	17	0	17
0	9	0	25
0	1	0	6
0	10	3	64
0	32	2	53
0	12	0	23
0	19	0	26
0	4	1	42
0	2	2	53
0	11	1	43
0	28	1	36
0	14	1	29
0	8	0	20
0	18	0	4
0	17	1	38
0	14	0	33
0	18	1	68
0	9	0	24
0	10	1	66
0	13	0	36
0	17	1	38
0	16	0	11
0	14	0	10
0	10	1	42
0	9	2	97
0	15	1	43
0	21	1	37
0	6	1	60
0	5	0	12
0	4	1	38
0	21	0	26
0	11	1	24
0	18	1	39
0	13	1	64
0	11	0	36
0	9	1	30
2	95	1	39
0	3	2	39
0	9	0	11
0	14	1	84
0	17	2	38
0	10	0	12
0	9	3	106
0	12	2	38
0	9	0	14
0	8	0	11
0	12	2	88
0	10	0	15
0	1	0	27
0	10	1	18
0	4	2	37
0	6	0	3
0	6	1	25
0	14	0	35
0	18	3	110
0	3	2	93
0	8	2	40
0	7	2	23
0	5	2	31
0	4	4	122
0	10	0	10
0	14	2	27
0	17	1	19
0	4	0	26
0	13	2	36
0	8	5	58
0	11	0	22
0	13	0	41
0	7	7	117
0	2	1	70
0	6	1	74
0	10	2	99
0	11	2	36
0	7	0	9
0	21	0	40
0	5	0	32
0	1	0	14
0	3	1	48
0	10	1	27
0	1	0	25
0	6	1	50
0	19	3	125
0	4	1	76
0	6	0	43
0	30	3	61
0	13	2	47
0	4	1	44
0	9	0	29
0	15	3	131
0	12	0	72
1	21	1	77
0	3	1	99
0	12	0	43
0	14	2	61
0	7	0	22
0	7	0	70
0	13	0	46
0	6	2	36
0	6	0	26
0	21	0	43
0	9	1	103
0	12	0	38
0	10	1	99
0	6	0	106
0	17	0	55
0	21	0	53
0	11	0	17
0	16	0	12
0	10	0	59
0	20	0	55
0	1	0	54
0	10	0	77
0	11	0	57
0	14	0	50
0	22	0	54
0	18	0	60
0	25	0	33
0	11	0	47
0	21	0	68
0	4	0	84
0	20	0	29
0	4	0	26
0	19	0	80
0	9	0	52
0	6	0	51
0	10	2	121
0	6	0	24
0	15	0	28
0	1	0	52
0	26	1	31
0	3	1	25
0	10	3	132
0	10	0	50
0	12	0	39
0	7	0	57
0	10	0	80
0	27	3	124
0	17	0	66
0	5	0	51
0	14	0	11
0	14	1	116
0	0	0	80
0	2	0	15
0	10	0	91
0	10	0	55
0	9	0	54
0	30	0	55
0	34	0	11
0	7	1	142
0	7	0	66
0	20	1	44
0	27	2	126
0	10	1	122
0	9	0	35
0	13	0	117
0	16	0	96
0	17	0	16
0	20	0	52
0	12	2	18
0	18	0	69
0	13	3	88
0	31	0	62
0	15	0	17
0	17	0	84
0	8	0	72
0	19	0	62
0	22	0	68
0	19	2	24
0	18	0	51
0	14	1	72
0	25	0	53
0	29	0	48
0	23	0	77
0	13	0	67
0	8	0	81
0	9	0	46
0	4	0	49
0	25	0	52
0	21	0	71
0	25	0	39
0	16	0	91
0	26	0	45
0	28	0	18
0	13	0	58
0	47	1	18
0	29	0	48
0	13	2	112
0	5	0	71
0	4	0	52
0	10	0	48
0	13	2	128
0	26	0	41
0	22	0	84
0	10	2	36
0	12	0	97
0	22	0	54
0	10	0	65
0	25	0	45
0	17	0	52
0	10	0	22
0	17	0	72
0	9	0	55
0	27	0	15
0	14	0	46
0	14	0	78
0	20	0	55
0	23	0	84
0	23	1	109
0	7	0	87
0	21	0	91
0	26	1	89
0	7	179	49
0	13	1	32
0	17	0	90
0	24	5	36
0	6	1	132
0	14	0	55
0	15	3	34
0	16	3	19
0	3	0	85
0	8	0	8
0	39	3	29
1	122	0	45
0	6	0	62
0	40	3	54
0	5	1	21
0	27	0	103
0	18	0	12
0	15	0	65
0	6	2	56
0	18	2	111
0	10	0	121
0	128	0	7
0	23	0	91
0	107	0	58
0	101	0	12
0	111	0	32
0	13	0	16
0	68	3	113
0	75	0	18
0	12	2	116
0	98	0	98
0	20	0	68
0	9	0	29
0	104	0	81
0	35	0	59
0	112	1	46
0	8	0	75
0	17	0	123
0	141	0	22
0	108	0	24
0	13	0	94
0	107	0	83
0	23	0	82
0	89	0	84
0	109	0	88
0	35	1	135
0	27	0	111
1	21	1	58
0	38	0	73
0	16	0	78
0	11	0	75
1	17	0	103
0	95	0	83
0	10	0	94
0	32	0	28
0	17	0	61
0	94	0	57
1	114	2	111
0	7	1	53
1	102	0	11
1	114	1	72
0	92	0	33
0	90	0	67
0	2	2	49
1	44	0	76
1	89	0	59
0	24	0	54
0	3	2	103
1	107	0	46
0	13	2	42
0	29	0	12
0	7	1	51
0	14	1	54
0	12	1	77
0	12	0	44
0	10	1	92
1	117	0	47
0	28	2	53
1	99	1	96
1	99	0	52
0	13	0	83
0	16	1	111
1	114	1	111
0	7	0	85
0	8	2	16
0	25	1	82
0	19	0	11
1	100	1	76
0	18	1	82
0	18	0	86
1	83	2	19
1	119	0	53
0	17	1	106
1	89	1	83
0	1	1	76
1	95	0	8
1	27	0	109
0	13	2	110
1	87	2	134
0	24	1	98
1	80	0	5
0	90	0	64
0	71	0	100
0	123	0	63
0	10	0	81
0	78	0	35
0	8	0	92
0	27	0	70
0	77	0	42
1	88	0	77
0	28	0	81
1	103	2	37
0	86	0	63
0	6	1	129
0	78	0	48
0	79	1	84
0	69	2	120
0	75	0	54
0	75	1	30
0	92	0	51
0	69	0	75
0	63	0	14
1	62	0	26
0	16	0	60
1	84	1	66
0	75	0	33
0	54	0	61
1	96	1	100
1	77	0	59
0	14	2	109
0	9	0	54
1	96	0	57
1	64	1	101
1	67	0	34
0	16	1	28
1	78	1	85
0	80	1	17
1	64	0	43
1	64	1	71
1	66	0	32
1	68	0	23
0	4	0	60
1	74	3	83
1	78	0	48
1	107	0	52
0	7	0	56
1	109	0	44
0	13	0	44
1	86	7	70
1	81	0	52
0	8	1	72
1	56	3	46
0	20	2	23
0	4	0	44
1	28	0	51
0	8	1	68
0	6	0	52
0	11	0	36
1	96	0	30
0	20	0	28
0	5	0	28
0	9	0	42
0	12	1	83
0	6	0	31
1	86	0	27
0	11	1	36
0	9	2	113
0	21	0	31
1	91	0	27
1	66	1	25
0	7	4	58
0	11	0	26
1	87	1	53
0	24	0	27
0	20	0	7
0	63	0	42
0	25	0	24
0	17	0	43
1	63	0	28
1	71	0	52
0	16	1	61
1	81	0	41
2	107	2	74
0	5	1	44
2	110	1	74
0	8	1	23
1	85	0	8
1	97	1	71
0	17	0	40
1	72	1	87
1	66	179	59
0	12	1	88
1	74	1	99
0	14	1	95
0	3	2	102
1	90	0	55
0	17	1	61
0	11	1	28
0	17	2	90
1	69	0	38
0	14	0	29
0	3	0	16
0	18	1	65
2	91	0	34
0	4	1	50
0	12	2	98
0	8	0	10
0	9	1	78
0	6	1	46
0	10	0	19
0	6	1	48
0	17	6	106
0	3	4	114
0	18	3	93
0	0	4	106
2	85	1	55
0	6	0	37
0	10	2	73
0	12	0	20
0	7	2	73
0	5	0	13
0	1	3	114
0	14	3	102
0	6	3	101
0	8	0	23
0	3	4	91
0	6	4	83
0	12	3	102
0	12	2	90
0	6	5	88
0	15	4	111
3	103	3	102
0	6	2	96
0	9	4	86
2	91	0	13
2	87	0	9
0	8	0	21
0	17	2	31
0	0	4	109
0	13	2	79
0	4	2	31
0	14	1	43
0	11	0	30
1	86	1	45
0	9	1	47
0	16	0	29
0	11	1	37
0	8	0	31
0	4	0	11
0	13	0	19
0	18	0	29
0	7	1	37
0	11	1	73
0	10	0	35
1	74	1	55
0	12	0	40
0	27	0	27
0	12	1	30
0	15	0	25
0	19	0	51
0	9	1	31
0	15	0	7
1	81	0	31
0	17	0	28
0	10	1	35
1	88	0	37
0	2	0	17
0	17	2	75
0	11	3	48
0	9	2	94
0	8	0	20
0	10	2	35
0	4	1	28
0	8	1	62
0	9	0	42
1	83	0	42
0	20	1	27
1	88	1	45
0	15	2	36
0	9	2	83
0	3	5	55
0	12	1	47
1	86	0	31
1	78	2	79
0	3	0	5
0	1	0	28
0	10	1	61
2	90	0	25
0	15	0	18
0	7	1	34
0	11	0	26
0	18	2	84
2	76	1	55
0	8	1	49
0	10	1	28
0	5	0	3
0	10	1	39
0	8	3	98
3	93	0	21
3	98	2	49
2	80	0	15
0	7	1	67
0	9	0	12
0	12	0	8
3	89	0	10
0	13	0	17
0	6	179	68
0	10	0	19
0	8	0	9
0	4	179	68
2	85	1	73
3	95	0	26
0	11	0	17
0	2	0	26
0	6	1	43
1	71	1	34
0	2	2	60
0	14	1	36
0	15	3	85
2	87	2	32
0	4	0	30
0	10	5	92
0	9	0	27
0	6	1	42
0	11	3	66
0	7	0	24
0	11	0	1
0	8	2	101
2	90	1	36
1	83	1	45
0	8	0	27
2	89	0	33
0	10	0	25
0	13	0	22
1	69	1	49
2	86	0	15
0	9	0	22
0	15	0	36
0	7	0	16
0	0	0	25
0	5	0	27
0	6	3	76
0	4	1	48
0	12	3	94
0	16	1	65
0	3	1	64
0	11	2	88
0	4	0	26
0	15	0	32
0	8	1	48
0	11	2	48
1	76	0	23
0	14	0	34
2	72	0	21
1	74	0	26
1	61	1	36
0	3	2	88
0	9	0	22
0	23	2	93
0	1	1	24
1	66	1	44
1	70	0	24
0	3	0	38
0	5	0	26
0	7	0	20
0	17	0	26
1	59	0	26
0	9	0	15
1	53	0	27
0	25	0	29
0	20	0	23
0	8	1	59
2	84	1	47
0	9	0	27
0	6	0	29
0	6	0	17
1	57	0	29
0	2	0	40
1	53	5	101
0	3	6	60
0	2	0	44
0	19	1	74
0	4	0	34
2	72	0	34
0	2	0	26
1	55	0	38
0	8	2	78
0	10	0	37
0	5	0	27
0	5	2	68
1	55	0	13
0	17	0	19
0	8	1	55
0	13	2	85
0	9	1	48
2	76	2	62
0	9	0	20
0	14	0	24
0	2	0	19
0	22	3	82
1	55	0	39
0	12	0	21
0	17	0	17
0	16	0	26
1	70	0	18
0	8	0	24
0	13	0	23
0	5	0	32
0	11	0	27
0	20	0	29
0	20	1	45
0	13	0	29
0	29	2	68
0	21	0	33
0	12	0	23
2	96	0	24
0	12	0	31
1	61	0	28
0	38	4	82
0	13	0	29
0	41	0	38
0	17	3	70
1	82	0	39
0	55	0	33
1	51	0	33
1	73	1	51
0	7	0	34
1	61	0	43
1	49	1	31
1	65	0	40
1	56	1	38
0	9	1	45
0	20	0	10
2	97	4	46
2	85	0	43
0	10	0	32
3	88	1	57
1	63	3	66
0	11	1	72
3	92	5	102
0	15	5	94
2	79	0	35
0	14	0	43
3	89	4	89
0	7	0	31
3	94	1	57
0	6	1	57
0	10	1	49
0	6	1	55
2	67	2	88
0	12	1	33
0	13	6	99
0	7	2	71
0	16	1	30
0	16	0	14
0	3	1	45
0	14	0	10
0	13	0	6
0	17	0	16
0	6	2	87
0	12	0	1
0	7	3	92
0	6	1	67
0	21	1	58
0	16	1	72
1	82	0	30
0	16	0	28
0	14	4	94
0	14	1	54
0	16	0	33
0	7	1	65
0	1	0	16
1	83	0	38
0	7	0	34
0	16	0	29
1	71	2	91
0	5	0	12
0	1	2	63
0	31	1	62
0	11	1	29
0	24	0	22
0	0	0	13
0	13	0	22
0	17	2	50
0	14	0	17
0	22	0	2
0	4	1	81
0	3	0	42
0	9	0	17
0	8	1	37
0	8	0	36
0	13	3	41
0	8	1	47
0	4	0	39
0	1	1	50
0	3	0	48
0	16	0	25
2	101	0	45
0	7	0	51
0	4	0	28
0	13	0	24
0	6	0	2
0	7	3	110
0	21	0	7
0	9	1	74
0	14	3	109
0	15	1	86
0	1	2	80
0	6	0	15
0	11	2	93
0	8	0	3
1	72	2	90
2	89	1	22
0	13	0	24
0	12	1	67
0	8	0	11
0	26	1	69
0	10	4	113
0	8	2	94
0	4	0	15
0	4	0	7
0	3	0	7
2	90	0	26
0	7	0	14
2	93	1	29
0	8	0	9
0	15	0	17
0	15	0	3
0	5	0	19
0	12	0	14
0	13	2	80
0	8	1	83
0	3	0	3
0	7	1	75
0	11	1	30
0	3	1	75
0	10	0	4
0	4	0	5
0	9	1	70
0	14	0	4
0	12	1	50
0	9	1	57
0	5	0	6
0	4	0	2
0	3	0	5
0	11	0	15
1	58	0	8
0	5	1	61
0	18	0	20
0	2	0	47
0	16	0	42
0	6	0	17
0	25	0	12
0	5	0	41
0	22	0	7
0	7	0	44
1	63	0	33
0	11	1	42
0	11	3	51
0	17	0	38
1	86	0	31
0	24	0	33
1	32	1	42
0	13	0	38
0	24	0	49
1	63	0	37
2	93	0	47
1	75	0	48
0	11	2	39
0	4	0	28
0	12	0	42
1	60	0	41
1	48	1	73
1	48	1	49
0	11	1	46
0	16	1	78
0	15	1	55
0	14	1	80
0	9	0	22
0	12	1	25
0	12	1	67
0	8	1	42
1	49	1	98
0	1	1	28
0	7	0	45
0	14	2	73
0	8	1	61
0	7	0	33
0	20	0	21
0	14	0	40
0	12	0	48
0	3	2	93
0	11	0	33
0	11	0	8
2	92	1	21
0	19	2	78
1	65	1	58
0	12	1	56
1	83	0	13
0	8	1	51
0	8	1	56
1	67	2	97
0	6	2	62
0	14	0	14
0	7	2	58
0	9	0	11
0	14	1	74
0	7	1	51
0	5	2	87
0	7	0	16
0	4	1	65
2	88	2	93
0	7	0	2
0	6	0	22
0	5	1	81
0	11	1	76
0	1	0	4
0	11	1	47
0	10	1	51
0	7	1	52
2	100	0	21
1	69	1	70
0	1	4	72
1	90	2	88
0	2	0	48
0	14	3	71
0	7	5	103
0	27	0	51
0	10	1	63
0	16	3	108
0	4	1	68
0	5	3	38
0	7	0	43
0	8	0	18
0	3	0	22
1	96	1	89
0	11	1	83
0	21	0	15
0	1	0	23
0	3	0	60
0	12	0	5
0	5	0	7
0	14	0	54
0	12	0	49
0	13	0	28
0	7	0	18
0	14	0	14
0	66	0	8
1	79	0	42
0	16	0	26
0	4	0	10
0	8	1	75
1	81	0	25
0	28	0	11
0	10	0	4
0	8	0	21
0	11	0	20
0	1	0	9
0	9	0	20
0	24	0	13
0	18	0	32
0	11	0	8
0	13	0	17
0	13	0	13
0	9	1	39
0	13	1	62
0	15	0	24
0	12	0	42
0	12	0	35
0	13	0	43
0	5	0	23
0	1	0	4
0	8	0	44
0	12	0	32
0	19	0	39
0	14	0	33
0	5	0	31
0	9	0	32
0	14	0	32
0	11	0	15
0	4	0	19
0	10	0	5
0	3	0	4
0	10	0	14
0	7	0	10
0	2	0	16
0	4	1	74
0	5	0	8
0	15	0	18
0	6	0	25
0	10	0	22
0	4	2	88
0	12	0	31
0	10	0	31
0	9	0	43
0	9	8	63
0	4	0	31
0	10	1	51
0	15	1	62
0	13	1	81
0	26	0	27
0	21	0	46
0	18	0	32
0	5	0	42
0	8	0	4
0	2	1	50
0	6	0	22
1	97	0	13
0	8	0	31
1	93	0	23
0	12	2	99
0	14	0	33
0	12	0	15
0	16	2	100
0	9	0	18
0	11	2	98
0	16	0	30
0	11	0	18
0	31	1	51
0	10	1	33
0	11	0	10
1	85	8	102
0	8	0	30
0	5	0	25
0	9	0	25
2	107	0	30
0	11	0	78
0	13	1	67
0	9	0	30
0	9	0	9
0	6	1	101
0	13	0	34
0	15	0	8
0	9	0	32
0	5	5	48
2	97	0	34
0	9	0	39
0	9	1	51
0	2	0	40
0	19	0	14
0	16	0	17
0	3	2	47
0	4	0	20
0	1	0	21
0	18	3	99
0	12	0	8
0	6	2	79
0	8	0	16
0	2	0	22
0	10	0	22
0	3	0	23
0	6	0	19
0	5	179	75
0	10	0	25
0	3	0	25
0	3	0	27
0	6	0	29
0	6	0	28
0	8	0	29
0	5	0	29
0	7	0	31
0	6	0	11
0	5	0	34
0	12	2	36
0	7	0	22
0	7	0	18
0	14	0	15
0	1	2	77
0	5	0	11
0	10	1	26
0	13	0	20
0	9	0	5
0	11	0	52
0	15	0	6
0	12	1	49
1	65	1	40
0	4	0	23
0	20	0	9
0	10	0	27
0	7	0	14
0	13	0	17
0	8	0	11
0	9	0	11
0	4	0	11
0	19	0	11
0	14	0	11
0	22	0	12
0	2	0	14
0	6	0	12
0	13	0	15
0	14	0	14
0	7	0	14
0	15	0	13
1	49	0	32
0	11	0	11
0	7	0	8
0	8	0	19
0	7	0	16
0	40	0	9
0	14	0	15
0	14	0	14
0	27	0	13
0	10	0	12
0	14	0	12
0	7	0	14
0	15	0	14
0	15	0	17
0	10	0	12
0	18	0	18
0	21	0	13
0	10	0	12
0	15	0	11
0	27	0	15
0	2	0	12
0	49	0	17
0	7	9	93
0	15	0	13
0	17	0	17
0	30	0	11
0	17	0	33
0	16	0	12
0	25	0	14
0	26	0	17
0	14	0	15
0	13	0	94
0	9	0	11
0	11	0	19
0	69	0	12
0	23	0	13
0	18	0	12
0	49	0	13
0	8	0	14
0	36	0	17
0	15	0	13
0	20	0	20
0	19	0	18
0	34	0	50
0	13	0	32
0	15	0	23
0	9	0	14
0	14	0	15
0	24	0	14
0	14	0	18
0	7	0	19
0	9	0	63
0	8	0	25
0	4	0	23
0	39	0	27
0	10	0	30
0	23	0	19
0	11	0	15
0	51	0	28
0	10	0	21
0	33	0	14
0	29	0	16
0	22	0	31
0	14	0	15
0	18	1	64
0	26	0	17
0	42	0	17
0	10	0	14
0	47	0	23
0	53	0	13
0	5	0	28
0	13	14	94
0	17	0	29
0	8	1	85
0	19	3	75
0	24	8	101
0	14	1	64
0	11	1	66
0	41	0	22
0	13	0	37
0	21	0	25
0	10	0	24
0	15	0	27
0	28	0	67
0	52	0	40
0	28	0	10
0	8	0	22
0	36	0	14
0	20	0	24
0	57	0	42
0	5	0	22
0	59	0	18
0	10	0	25
0	3	0	16
0	60	0	25
0	14	1	74
0	15	0	31
0	14	0	34
0	27	0	27
0	14	0	27
0	28	3	56
0	30	0	34
0	35	0	24
0	22	0	32
0	19	0	32
0	51	0	33
0	17	0	34
0	27	3	78
0	51	0	35
0	28	0	37
0	52	0	41
0	13	0	39
0	24	0	16
0	18	0	45
0	17	0	33
0	30	0	32
0	31	86	33
0	29	0	54
0	13	0	29
1	91	165	61
0	31	360	360
0	23	172	37
0	31	168	34
0	23	0	38
0	41	0	35
0	52	0	39
0	40	175	37
0	29	0	37
0	24	360	360
0	41	73	94
2	65	178	43
0	27	150	40
0	45	179	83
0	26	178	41
2	69	15	64
0	35	360	360
2	53	176	36
0	31	175	39
0	42	360	360
2	67	360	360
1	85	360	360
0	47	360	360
1	62	360	360
0	21	360	360
0	42	360	360
0	52	360	360
0	32	360	360
0	26	360	360
0	41	360	360
0	29	360	360
0	42	360	360
0	28	360	360
1	62	360	360
0	45	360	360
0	35	360	360
1	36	360	360
0	25	360	360
1	60	360	360
0	31	360	360
0	21	360	360
1	58	360	360
0	35	360	360
0	29	360	360
0	36	360	360
0	17	360	360
0	32	360	360
0	39	360	360
1	43	360	360
0	22	360	360
0	41	360	360
1	93	360	360
0	29	360	360
0	23	360	360
0	29	360	360
0	39	360	360
0	6	360	360
0	35	360	360
4	70	360	360
2	62	360	360
3	75	360	360
0	21	161	49
1	32	360	360
0	14	360	360
2	43	360	360
0	5	360	360
2	42	360	360
0	33	360	360
0	32	360	360
0	37	360	360
2	78	360	360
0	38	360	360
0	26	360	360
0	7	360	360
1	38	360	360
0	12	360	360
1	47	360	360
3	100	360	360
0	12	360	360
0	8	360	360
1	29	360	360
0	4	360	360
0	10	360	360
0	10	360	360
0	8	360	360
0	31	360	360
0	19	360	360
0	46	360	360
0	11	360	360
0	4	360	360
0	6	360	360
0	2	360	360
0	6	169	36
0	6	360	360
0	10	360	360
0	1	360	360
0	8	179	29
3	100	360	360
0	8	177	34
0	4	179	34
2	85	0	34
0	46	360	360
0	8	360	360
2	90	360	360
2	95	360	360
0	9	360	360
2	56	360	360
0	19	360	360
2	90	360	360
0	3	360	360
0	11	360	360
0	5	360	360
0	13	360	360
0	3	360	360
0	14	360	360
0	33	0	27
0	16	3	63
0	9	0	28
0	23	2	15
0	8	4	81
0	4	1	32
0	3	0	8
2	92	0	11
0	29	0	43
0	4	0	9
0	5	1	74
0	15	0	30
0	6	0	29
2	96	0	29
0	21	0	37
0	20	0	31
0	28	0	41
0	11	0	43
0	6	0	25
0	6	0	42
0	12	0	16
0	5	1	39
1	40	0	30
0	23	2	89
0	14	1	43
0	3	0	34
0	28	2	91
0	12	0	28
0	4	0	16
1	36	1	33
0	21	0	45
0	2	1	72
0	7	2	92
0	22	7	53
0	19	0	36
0	7	0	37
0	2	2	33
0	11	0	23
0	18	0	38
0	10	0	41
0	18	0	38
1	74	1	52
0	22	1	55
0	9	1	46
0	25	0	14
0	6	2	80
0	11	1	43
0	11	1	49
2	84	3	95
0	15	1	66
0	30	0	21
2	97	0	24
0	10	0	41
0	22	0	19
0	18	0	32
0	6	0	33
0	9	0	35
0	8	6	62
0	8	1	43
0	16	0	27
0	12	0	27
1	83	1	69
1	90	0	37
0	5	0	38
0	11	0	39
0	4	1	51
0	3	0	9
0	2	1	47
0	6	1	47
0	3	4	109
0	1	0	38
0	7	0	21
0	14	0	21
1	90	0	34
0	6	0	35
0	6	0	46
0	1	0	38
0	1	0	41
0	10	0	35
0	7	0	35
0	12	1	49
0	7	1	62
0	3	1	73
0	1	1	71
2	105	0	43
0	10	0	47
0	12	3	63
2	93	1	53
1	89	0	38
0	10	0	32
0	19	0	40
1	90	0	45
0	12	0	42
1	94	3	102
0	14	5	49
0	7	0	51
1	107	0	52
0	6	1	65
0	9	0	50
0	14	0	7
0	6	0	47
0	12	0	56
0	23	0	44
0	10	0	37
0	17	0	22
2	82	0	57
0	11	2	112
0	17	1	91
0	3	0	13
0	26	0	49
0	2	1	90
0	15	1	90
0	9	1	96
0	6	1	65
0	20	0	57
0	18	0	49
0	21	0	40
0	5	0	35
0	5	1	78
0	15	1	114
0	26	1	93
0	8	0	51
0	4	0	53
0	8	2	77
0	14	0	60
0	9	0	64
0	13	1	88
0	30	1	99
0	16	0	26
0	8	1	97
0	5	0	80
0	17	0	26
0	9	0	49
0	28	0	74
0	27	0	49
0	14	0	51
0	17	0	47
0	5	1	99
0	13	1	22
0	27	0	62
0	29	0	39
0	11	0	62
0	31	0	87
0	41	0	75
0	22	0	51
0	53	0	45
0	27	0	41
0	5	0	84
0	15	0	52
0	7	0	51
0	46	0	26
0	10	0	77
0	38	0	63
0	9	0	77
0	8	0	81
0	39	0	78
0	30	1	18
0	42	0	85
0	8	0	95
0	12	0	49
0	37	0	85
0	1	0	84
0	14	1	136
0	16	0	41
0	22	0	115
0	10	0	15
0	1	0	44
0	13	0	31
0	8	0	86
1	12	0	86
0	40	0	13
0	7	0	96
0	6	0	98
0	13	0	11
0	28	0	50
0	48	0	101
0	36	0	10
0	8	0	91
0	40	0	6
0	7	0	99
0	5	0	19
0	13	0	55
0	30	0	50
0	47	0	7
0	6	1	73
0	6	2	153
0	42	0	42
0	4	0	28
0	3	1	11
0	5	0	53
0	4	0	2
0	1	0	45
0	3	1	168
0	4	1	66
0	7	1	5
0	3	1	173
0	2	0	1
0	2	1	68
0	2	0	174
179	176	0	36
0	3	1	70
0	0	0	174
0	174	1	68
0	6	0	21
0	0	0	178
0	2	0	174
0	1	1	33
0	6	1	16
0	175	2	74
0	4	1	175
0	178	0	174
0	176	0	177
0	177	2	76
0	179	1	73
0	177	0	166
0	176	0	175
0	177	0	170
0	177	0	175
0	179	1	177
0	178	1	177
0	172	1	176
0	173	0	177
0	178	2	97
0	174	2	175
0	175	0	176
0	172	1	107
0	175	1	100
0	179	1	105
0	178	1	176
0	168	0	150
0	177	1	175
0	175	0	153
0	177	0	176
0	177	0	170
0	172	0	176
0	172	0	172
0	171	0	176
0	172	1	42
0	174	1	90
0	170	1	173
0	169	0	177
0	175	0	171
0	176	0	164
0	169	1	142
0	170	0	177
0	178	1	44
0	173	1	80
0	171	0	176
0	166	0	162
0	172	0	173
0	173	0	177
0	174	0	160
0	176	1	66
0	177	1	173
0	175	1	70
0	176	1	51
0	168	1	34
0	163	0	166
0	165	2	28
0	178	0	161
0	171	0	163
0	174	0	175
0	175	0	160
0	178	1	78
0	171	1	74
0	160	0	174
0	155	0	174
0	167	1	57
0	163	1	132
0	173	0	164
0	174	0	156
0	171	0	161
0	174	0	169
0	175	0	177
0	155	0	170
0	169	1	164
0	173	1	69
0	171	1	145
0	176	1	123
0	171	0	163
0	172	0	163
0	174	0	173
0	167	0	124
0	174	1	158
0	177	1	126
0	174	0	172
0	155	1	71
1	168	0	169
0	165	0	170
0	166	0	173
0	167	0	29
0	170	1	88
0	170	0	152
0	167	0	137
0	161	1	165
0	176	0	161
0	133	1	163
0	165	1	152
0	176	0	155
0	153	0	173
0	158	179	139
0	160	1	61
0	158	0	118
0	179	1	160
0	151	1	136
0	139	1	143
0	107	1	136
0	166	0	110
0	165	0	133
0	173	0	124
0	106	0	101
0	147	0	97
0	103	0	168
0	172	0	127
0	173	1	114
0	156	0	157
0	15	0	111
0	19	0	154
0	24	1	162
0	157	0	31
0	109	0	109
0	173	0	85
0	158	0	113
0	15	0	91
0	22	0	116
0	19	0	85
0	17	0	94
0	112	0	88
0	14	0	136
0	24	0	90
0	114	0	115
0	5	0	46
0	27	0	98
0	8	0	90
0	26	0	93
0	87	0	76
0	30	0	81
0	11	0	44
0	81	0	89
0	21	1	51
0	10	0	77
0	18	1	58
0	27	0	92
0	88	0	76
0	81	1	49
0	77	0	72
0	19	0	86
0	6	0	52
0	14	0	71
0	99	2	59
0	5	1	42
0	86	0	87
0	100	2	26
0	9	0	82
0	82	0	75
0	86	0	79
0	16	0	75
0	19	0	55
0	86	0	28
0	27	0	67
0	86	0	39
0	77	1	34
0	82	0	29
0	76	1	11
0	87	1	102
0	80	0	65
0	88	0	26
0	79	0	76
0	78	0	24
0	78	0	89
0	14	0	16
0	28	0	32
0	81	0	74
0	76	0	79
0	16	0	52
0	17	0	76
0	67	0	73
0	20	0	60
0	78	1	79
0	76	0	76
0	6	0	52
0	65	0	53
0	74	0	20
0	76	0	14
0	8	0	56
0	81	0	8
0	97	1	117
0	65	0	68
0	101	0	82
0	62	0	26
0	13	0	66
0	54	0	31
0	22	0	7
0	79	1	97
0	81	0	64
0	23	0	14
0	13	0	37
0	78	0	89
0	62	0	66
0	79	0	10
0	21	0	61
0	8	0	7
0	21	0	55
0	75	0	56
0	58	0	66
0	4	0	67
0	76	0	54
0	4	0	54
0	13	0	73
0	70	0	62
0	64	0	19
0	15	0	76
0	14	0	51
0	7	0	58
0	68	0	66
0	79	0	66
0	5	0	45
0	66	0	36
0	9	0	72
0	7	0	21
1	17	0	59
0	15	1	77
0	13	1	84
0	4	1	73
0	7	0	7
1	19	0	34
0	5	1	16
0	13	0	30
0	8	1	65
0	13	0	34
0	1	1	68
1	14	1	16
0	4	0	10
0	3	0	5
0	11	1	89
0	15	1	17
0	9	0	27
0	1	0	0
0	5	2	101
0	9	3	26
0	3	1	91
0	6	1	96
0	4	1	98
0	1	3	52
0	3	0	2
1	102	1	82
0	3	1	88
1	10	0	35
1	112	2	94
0	12	1	92
0	3	1	16
0	8	0	17
2	123	1	118
0	5	1	96
1	120	0	10
0	3	0	8
0	3	0	3
0	8	1	133
0	9	1	108
0	4	0	99
0	5	2	120
0	15	1	95
1	98	1	120
0	6	4	16
1	111	0	12
0	7	1	87
1	114	0	42
0	3	1	116
0	8	1	15
0	114	0	89
0	8	0	4
1	105	1	108
0	3	0	96
0	114	0	93
0	94	0	5
1	99	0	44
0	16	2	129
1	115	0	90
0	5	2	31
0	99	0	82
0	102	0	37
0	97	2	118
0	14	0	82
0	14	2	123
0	111	0	88
0	96	0	108
0	106	0	77
0	103	1	98
0	9	0	62
0	118	5	77
0	97	0	89
0	16	1	47
0	100	0	82
0	86	0	10
0	25	0	55
0	14	0	33
0	2	0	73
0	110	0	29
0	96	0	72
0	14	0	91
0	96	0	57
0	10	0	73
0	19	0	38
0	5	0	46
0	4	3	75
0	2	0	64
0	5	3	104
0	89	178	68
0	26	2	24
0	14	0	71
0	89	2	82
0	14	2	111
0	15	3	62
0	3	0	98
0	16	0	3
0	11	0	32
0	8	0	73
0	12	0	10
0	6	0	19
0	8	0	1
0	12	0	11
0	5	0	26
0	8	0	22
0	3	0	22
0	5	0	15
0	95	0	32
0	4	0	14
0	13	0	14
0	5	0	5
0	15	0	96
0	20	0	22
0	37	0	10
0	16	0	35
0	5	0	16
0	7	0	20
0	18	0	11
0	11	0	62
0	9	0	31
0	10	0	23
0	8	1	27
2	93	0	7
0	6	0	18
1	22	0	30
0	83	0	7
0	103	0	7
0	7	0	26
2	95	0	6
0	13	0	5
3	84	0	13
2	85	0	17
2	81	0	20
0	9	2	31
1	85	1	129
4	90	0	66
2	97	0	65
1	24	0	14
2	77	0	64
2	66	0	75
0	17	0	97
3	85	1	36
0	25	0	61
0	8	0	3
0	20	4	86
0	17	1	24
0	18	0	75
0	13	0	56
0	3	0	48
0	15	0	31
2	75	1	81
0	12	1	36
0	4	1	78
1	75	0	35
0	27	0	40
0	2	1	66
0	12	1	80
0	15	1	72
0	12	1	57
0	14	5	70
0	10	1	60
0	5	1	65
0	5	3	95
0	3	1	58
0	8	6	98
0	12	3	41
0	9	1	76
0	7	3	46
0	8	3	94
0	8	10	53
0	12	0	14
0	4	0	38
0	11	2	80
0	9	1	48
0	7	0	33
0	11	2	71
0	2	0	13
0	10	0	9
0	9	0	6
0	13	0	9
0	12	0	28
0	1	0	7
0	3	0	6
0	8	2	94
0	4	0	16
0	4	0	8
0	14	0	3
0	9	0	12
0	3	0	76
0	4	0	4
0	15	0	9
0	16	0	20
0	2	0	10
0	10	0	23
0	11	0	22
0	9	0	19
0	4	0	16
0	16	0	28
0	14	0	24
0	8	0	24
0	3	0	25
0	16	0	27
0	4	0	17
0	9	0	60
0	16	0	11
0	9	0	35
0	5	1	82
0	13	0	29
0	3	0	26
0	9	0	26
0	7	0	10
0	11	0	27
0	11	0	19
0	9	0	31
0	10	0	33
0	8	0	23
0	4	0	26
0	4	0	20
0	13	0	34
0	18	0	10
0	5	0	4
0	6	0	36
0	9	0	37
0	19	0	32
0	7	0	7
0	12	0	10
0	11	0	19
0	19	0	59
0	4	0	52
1	78	0	9
0	25	1	78
0	21	1	90
0	7	0	38
0	23	0	29
0	7	0	15
0	18	0	68
0	12	0	25
0	5	0	61
0	8	0	27
0	3	0	21
0	8	0	33
0	9	0	22
0	3	0	34
0	25	0	13
0	10	0	43
0	2	0	19
0	9	0	22
0	4	0	34
0	6	0	25
0	12	0	26
0	4	0	31
0	11	0	28
0	6	0	41
0	3	0	25
0	14	0	27
0	10	0	35
0	5	0	27
0	1	0	54
0	10	0	29
0	10	0	28
0	9	0	31
0	6	0	35
0	8	0	27
0	4	0	26
0	45	0	34
0	10	0	35
0	8	0	31
0	2	0	26
0	10	0	25
0	20	0	47
0	5	0	22
0	46	0	31
0	17	0	25
0	23	0	28
0	20	0	24
0	49	0	14
0	8	0	31
0	1	0	45
0	27	1	73
0	4	0	24
0	7	1	48
0	25	0	61
0	15	0	14
0	23	0	24
0	39	0	23
0	9	0	30
0	9	0	17
0	3	0	24
0	12	0	14
0	37	0	18
0	3	0	35
0	12	0	20
0	19	0	24
0	12	0	38
0	47	0	17
1	65	0	40
0	19	0	19
0	15	0	17
0	8	3	79
0	18	0	26
0	15	1	64
0	15	0	24
0	8	0	5
0	4	0	26
0	10	0	50
0	53	0	30
0	30	1	54
0	6	0	17
0	16	1	47
0	5	1	71
0	19	0	10
0	17	0	31
0	13	0	32
0	5	0	14
0	34	1	70
0	7	0	13
0	4	1	69
0	17	0	17
0	24	0	17
0	7	1	58
0	19	1	47
0	20	0	26
0	16	0	25
0	7	0	8
0	11	4	99
0	26	0	7
0	19	0	23
0	6	0	28
0	3	0	23
0	6	0	28
0	7	0	18
0	9	4	46
0	13	0	34
0	4	0	25
0	4	5	65
1	30	2	48
0	25	6	73
0	7	0	10
0	9	3	49
0	7	0	9
0	19	0	7
0	6	3	47
0	2	1	34
0	9	3	48
0	6	0	9
0	3	2	36
0	3	1	31
0	4	1	28
0	2	0	17
0	0	3	48
0	4	0	23
0	10	0	8
0	5	1	38
0	11	0	11
0	0	0	24
0	23	3	49
0	2	0	5
0	3	0	10
0	3	0	26
0	6	0	2
0	26	0	1
0	12	1	41
0	7	0	19
0	1	0	28
0	6	2	44
0	11	0	9
0	11	1	38
0	5	0	14
0	6	0	17
0	1	0	20
0	3	0	14
0	8	0	20
0	6	0	37
1	39	0	23
0	3	0	6
0	13	1	33
0	13	0	13
0	28	0	19
0	32	1	37
0	18	0	3
1	35	0	16
1	31	0	17
0	2	0	2
0	4	0	24
0	15	0	26
0	4	0	27
0	6	1	35
0	1	1	35
0	9	0	28
0	2	0	30
1	39	0	2
0	3	0	9
0	5	3	49
0	6	0	15
0	8	0	20
0	0	0	30
0	2	0	8
0	6	5	52
0	4	0	23
0	4	0	19
0	5	0	16
0	7	1	30
0	5	0	33
0	7	5	61
0	14	1	28
0	2	5	90
0	6	1	29
0	10	1	33
0	3	4	63
0	3	1	47
0	3	1	39
0	4	0	22
0	13	0	21
0	5	0	22
5	103	1	37
0	3	13	74
0	11	4	49
0	2	2	38
0	7	2	42
0	15	1	28
0	11	1	21
0	4	0	31
0	4	2	47
0	10	0	33
3	94	3	66
2	86	3	45
0	4	0	38
0	1	0	21
0	2	0	8
0	4	0	6
0	7	0	9
0	1	0	26
0	1	4	62
0	1	2	89
0	6	0	22
0	1	2	49
0	5	0	25
0	8	0	32
0	2	4	73
0	9	4	66
0	2	0	26
0	7	0	30
0	3	0	32
0	1	4	60
0	13	8	100
0	5	0	32
0	3	0	35
0	2	0	19
0	5	0	35
0	5	0	32
0	10	2	57
0	4	0	34
0	2	0	32
0	1	0	28
0	5	2	82
0	14	0	29
0	11	3	91
0	3	0	12
1	91	0	33
0	5	2	101
0	6	0	58
0	24	0	25
0	8	0	9
0	1	3	85
0	5	2	83
0	10	0	42
2	96	0	25
0	5	1	58
0	8	0	28
0	11	1	67
0	7	1	79
0	15	0	24
0	5	0	34
0	12	2	73
0	1	2	59
0	2	3	95
0	7	0	21
0	14	1	47
0	13	0	38
0	5	179	67
0	12	0	18
0	7	0	51
0	14	0	15
0	6	4	86
0	5	0	37
0	5	0	20
0	19	6	90
0	5	0	19
0	13	0	22
0	6	1	50
0	5	0	14
0	4	0	29
1	83	0	23
0	8	0	27
0	17	0	17
0	4	0	25
0	5	1	65
0	2	0	24
0	7	0	19
0	4	0	29
0	17	4	92
0	19	0	33
0	26	0	31
0	16	0	29
0	5	0	31
0	3	0	31
0	21	0	28
0	7	0	30
0	27	0	36
0	15	0	23
0	59	0	36
0	9	0	34
0	6	0	33
0	19	0	33
0	11	0	26
0	9	0	26
0	4	1	43
0	16	0	40
0	32	179	66
0	6	0	32
0	22	0	34
0	8	0	26
0	30	2	65
0	9	0	29
0	28	0	31
0	23	0	42
0	20	0	31
0	15	0	32
0	10	0	33
0	5	0	34
0	16	0	35
0	27	0	33
0	5	0	32
0	10	0	44
0	3	0	37
0	9	0	36
0	30	0	40
0	11	0	32
0	4	0	39
0	13	0	40
0	8	1	42
1	84	0	43
0	4	0	42
0	12	1	44
0	12	0	23
0	19	0	37
0	9	3	84
0	29	0	14
0	7	0	30
0	27	0	18
0	9	0	25
0	16	0	26
0	3	1	42
1	74	0	25
0	34	0	24
0	17	1	45
0	27	0	16
0	7	0	37
0	8	0	40
0	14	0	24
0	13	0	41
0	14	1	98
0	19	0	21
0	20	179	69
0	47	2	91
0	15	0	15
0	4	0	7
0	11	0	27
1	83	0	38
0	42	2	56
0	8	0	33
0	5	0	19
1	66	0	25
0	45	0	41
0	16	0	31
0	30	0	16
0	11	0	35
1	83	0	32
0	13	0	38
0	13	0	56
2	102	0	39
0	10	0	52
0	11	0	21
0	70	0	29
0	11	0	49
0	6	0	40
1	73	0	39
0	13	0	37
0	6	0	30
1	51	0	27
0	20	2	77
0	5	0	29
0	29	0	35
0	17	0	45
0	4	0	21
1	78	0	23
0	21	1	65
0	9	1	92
0	54	3	82
0	14	0	35
0	65	1	82
1	86	1	89
0	18	0	16
0	20	3	80
0	35	0	23
1	46	0	35
1	71	0	29
0	5	0	34
0	47	0	26
0	6	1	55
0	19	0	37
1	81	0	28
0	8	3	57
1	54	0	40
0	5	0	43
0	14	0	41
0	7	0	37
0	21	2	48
2	99	0	39
0	12	0	34
1	82	0	30
2	89	0	29
1	78	0	25
0	5	0	42
0	10	1	28
0	3	0	13
0	6	1	76
0	6	1	44
0	9	3	106
0	4	0	25
0	2	1	61
0	12	0	15
0	7	1	85
0	5	0	22
0	13	0	11
0	6	0	5
0	8	0	24
0	7	0	11
0	20	0	55
1	71	0	6
0	4	0	18
0	10	0	21
0	10	0	16
0	5	0	6
0	13	0	12
0	12	0	10
0	7	0	16
0	14	0	14
0	9	0	10
0	22	0	31
0	16	0	13
0	10	0	18
0	14	0	20
0	7	0	29
0	11	0	30
0	17	0	13
0	6	0	18
0	4	0	32
0	3	0	18
0	12	0	13
0	11	0	57
0	7	0	21
0	11	0	26
0	10	0	27
0	16	0	24
0	17	0	30
0	15	0	24
0	19	0	36
0	23	0	25
0	16	0	47
0	8	0	13
0	21	0	25
0	11	0	29
0	13	0	31
0	26	0	28
0	8	0	43
0	20	0	33
0	2	0	39
0	6	1	87
0	22	0	31
0	9	0	31
0	56	0	65
0	15	0	29
0	15	0	35
0	51	0	34
0	25	0	13
1	73	2	103
0	11	0	37
0	4	0	37
1	69	1	69
2	85	0	37
0	5	0	37
0	7	0	37
1	78	0	41
0	8	1	42
0	5	11	71
0	9	1	36
0	12	4	87
2	78	3	46
0	9	1	51
0	7	3	103
0	3	0	9
0	7	0	13
0	12	4	85
0	8	0	19
0	5	0	27
0	31	0	26
0	11	0	27
0	8	1	42
0	15	0	22
0	11	0	21
0	8	0	24
0	15	3	82
0	7	0	20
0	4	0	24
0	7	0	23
0	7	0	27
0	8	0	26
0	7	0	28
0	6	0	29
0	7	8	83
0	6	1	48
0	19	0	26
1	37	8	97
0	32	0	34
0	2	0	27
0	17	0	40
0	32	0	35
0	9	1	31
0	5	0	35
0	15	0	18
0	15	0	19
0	1	0	15
0	3	0	3
0	7	0	4
0	5	0	12
0	12	0	12
0	8	0	6
1	72	0	14
0	4	0	12
0	12	0	11
0	11	0	34
0	7	0	14
0	9	0	19
0	6	0	17
0	10	0	16
0	13	0	24
0	4	0	19
0	13	2	71
0	21	0	25
0	6	0	1
0	3	0	20
0	10	0	18
0	55	0	30
0	16	0	14
0	50	0	17
0	7	0	13
0	12	0	18
0	18	0	25
0	13	0	22
0	7	0	16
0	24	0	15
0	17	0	24
0	6	0	15
0	18	0	33
0	58	0	27
0	42	0	32
0	24	0	25
0	19	0	39
0	35	0	32
0	30	0	26
0	17	0	25
0	30	0	28
0	41	0	35
0	24	0	16
0	21	0	36
0	27	0	26
0	34	0	37
0	23	1	83
0	46	1	78
0	22	0	29
0	36	0	45
0	25	0	35
0	26	1	46
0	40	0	45
0	42	0	51
0	41	0	33
0	51	0	38
1	73	0	34
0	32	2	43
0	38	0	30
0	31	0	40
0	32	0	35
0	34	3	48
0	41	6	66
1	63	0	44
0	27	5	67
1	60	0	39
0	41	0	38
0	34	0	41
0	38	0	18
0	35	2	64
0	40	0	37
0	38	0	39
1	47	0	41
0	56	0	41
0	36	1	49
0	43	0	40
0	43	0	29
0	46	0	35
0	57	0	5
0	56	0	37
0	37	0	33
1	63	0	35
0	35	0	50
0	49	0	33
0	55	0	36
0	43	0	43
0	35	5	71
0	23	0	35
0	42	0	37
1	83	0	35
0	15	0	34
0	44	0	37
0	32	0	36
0	33	0	36
0	29	0	34
0	58	1	54
0	32	0	41
0	56	0	49
0	41	0	23
0	37	0	36
0	51	0	33
0	23	0	66
0	48	0	32
0	45	0	38
0	25	0	37
0	13	179	66
0	55	177	42
1	81	0	36
0	16	0	20
0	15	178	30
0	67	0	32
1	50	0	41
0	45	0	36
0	23	0	48
1	84	0	40
2	88	5	98
0	9	2	46
0	11	0	37
0	52	3	64
0	13	0	44
0	25	0	31
0	41	0	42
0	21	0	36
0	33	0	29
0	51	0	45
0	20	1	60
0	21	0	29
0	25	0	36
0	14	0	20
0	25	8	56
1	92	0	15
0	26	0	27
0	28	0	29
0	17	0	29
0	31	12	63
0	66	0	9
0	29	0	32
1	63	1	60
0	10	0	28
0	23	0	31
0	31	0	34
1	41	0	27
0	12	0	31
0	67	0	32
1	76	0	35
0	27	0	32
0	28	0	32
0	28	0	33
0	71	0	37
0	26	0	40
1	82	0	32
0	21	0	39
0	24	0	37
0	32	0	38
0	32	0	37
0	31	0	34
0	25	0	34
0	30	0	34
0	77	0	38
0	31	0	34
0	16	4	52
0	45	0	41
0	35	0	44
0	35	0	39
0	26	0	46
0	36	0	40
0	35	0	41
0	34	0	41
0	11	4	60
0	33	0	37
0	24	0	42
0	26	0	40
0	15	0	45
0	7	0	42
0	31	0	38
0	41	0	38
0	35	0	40
0	44	0	32
0	39	0	38
0	41	0	38
1	39	0	41
0	38	0	40
0	42	0	39
0	40	0	41
0	41	0	40
0	57	0	39
1	62	0	36
0	37	0	44
0	44	0	39
0	37	0	44
0	38	0	42
0	41	0	43
0	41	0	44
0	43	0	44
0	50	1	71
0	38	0	42
0	40	1	43
0	17	0	46
0	39	0	50
0	12	179	32
1	65	360	360
0	26	360	360
0	18	360	360
0	38	360	360
4	66	360	360
0	27	0	33
1	50	0	34
0	18	178	51
0	33	179	29
0	42	360	360
0	33	360	360
2	75	360	360
1	104	360	360
0	25	360	360
0	16	360	360
0	16	360	360
0	6	360	360
0	30	360	360
0	26	360	360
0	39	360	360
0	41	360	360
0	19	360	360
0	37	360	360
1	69	360	360
1	61	360	360
1	44	360	360
1	70	360	360
0	79	360	360
1	89	360	360
0	14	360	360
0	13	360	360
1	69	360	360
1	69	360	360
0	13	360	360
0	13	360	360
0	6	360	360
1	90	360	360
0	18	360	360
0	4	360	360
0	10	360	360
0	28	360	360
0	10	360	360
0	24	360	360
0	53	360	360
0	81	360	360
0	18	360	360
0	6	360	360
2	81	360	360
0	55	360	360
0	10	360	360
3	85	360	360
2	86	360	360
0	11	360	360
0	20	360	360
0	27	360	360
0	16	360	360
0	12	360	360
0	7	360	360
0	20	360	360
0	7	360	360
0	15	360	360
0	14	360	360
0	18	360	360
1	78	360	360
0	7	360	360
0	7	360	360
0	56	360	360
0	7	360	360
0	22	360	360
0	67	360	360
0	20	360	360
2	78	360	360
2	70	360	360
0	47	360	360
0	30	360	360
0	9	360	360
2	87	360	360
0	27	360	360
0	15	360	360
3	74	360	360
0	21	360	360
0	9	360	360
0	24	360	360
0	12	360	360
0	21	0	3
0	14	360	360
0	14	360	360
0	10	360	360
0	43	2	9
0	18	0	8
0	8	0	7
0	13	0	4
0	8	0	5
0	28	0	4
0	4	0	6
0	14	0	15
0	73	22	80
1	67	0	12
0	8	0	16
1	74	0	3
0	3	0	8
0	9	0	11
0	21	1	8
0	33	0	24
0	3	0	17
1	73	0	13
0	26	0	11
0	18	10	76
0	17	0	15
0	38	179	82
0	11	0	8
0	16	0	13
0	29	0	12
0	73	0	16
0	35	0	2
0	35	25	77
0	52	0	3
0	13	0	5
0	25	0	6
1	84	0	12
3	75	0	12
0	51	0	5
0	15	0	3
0	58	0	3
0	10	0	16
0	37	5	88
0	36	0	1
0	12	0	5
0	6	0	14
0	8	0	7
0	12	0	8
0	15	0	88
0	14	0	17
0	28	0	6
0	74	0	4
0	24	0	16
1	72	0	4
0	13	0	15
1	66	0	16
0	8	1	89
1	72	0	10
0	7	0	9
0	50	0	6
0	25	0	98
0	45	0	6
0	16	0	19
0	82	0	6
0	5	0	13
0	7	0	18
0	7	0	16
0	26	0	20
0	5	0	7
0	11	0	7
0	66	0	18
1	64	179	100
0	11	0	7
0	21	0	15
0	38	0	9
0	1	0	15
0	23	0	18
0	8	9	94
0	69	0	7
0	34	0	18
1	68	0	22
0	9	0	18
0	41	0	24
179	108	0	21
0	12	0	9
0	12	0	20
1	98	0	23
0	24	0	19
0	37	0	14
0	34	0	20
0	54	0	9
0	65	1	68
0	1	0	21
0	5	0	13
0	50	0	10
0	9	0	9
1	48	0	9
0	63	0	28
0	25	0	21
179	111	0	11
0	25	0	25
0	32	0	9
0	45	2	89
0	41	0	11
0	100	0	21
0	104	0	15
0	42	0	17
0	6	0	20
0	25	0	18
0	6	0	25
0	18	0	14
0	108	0	17
0	41	0	16
0	2	0	25
3	65	0	11
0	25	179	62
0	20	0	26
0	7	0	16
0	17	0	25
0	18	0	83
0	18	0	15
0	17	0	23
0	67	0	16
0	112	0	24
0	28	0	66
0	14	0	26
0	18	0	12
0	23	0	40
0	61	0	29
0	65	0	12
0	21	0	17
0	67	0	3
179	29	0	22
0	8	0	15
0	103	0	19
179	46	179	73
0	51	0	14
0	66	179	79
0	66	179	20
0	113	179	27
0	96	0	99
179	40	179	7
0	48	179	13
0	61	179	19
0	55	0	28
0	15	179	25
0	66	0	68
179	47	179	40
0	62	0	31
0	105	0	6
179	67	0	26
0	54	179	13
179	26	0	12
0	66	0	59
0	66	0	101
0	60	179	59
0	27	0	59
0	42	179	59
179	53	179	33
0	38	0	29
0	54	0	32
0	53	179	14
0	114	0	94
0	52	0	60
0	65	0	50
0	65	0	84
0	105	179	63
0	71	179	69
0	49	0	49
0	32	179	34
0	47	0	24
0	114	179	16
0	43	0	17
0	15	179	60
