0000004999936
0000104999936
0000205000064
0000304999936
0000404999936
0000504999936
0000604999936
0000704999936
0000804999936
0000904999936
0001005000064
0001104999936
0001204999936
0001304999936
0001404999936
0001504999936
0001604999936
0001704999936
0001804999936
0001904999936
0002004999936
0002104999936
0002204999936
0002304999936
0002405000064
0002504999936
0002604999936
0002704999936
0002804999936
0002905000064
0003004999936
0003104999936
0003204999936
0003304999936
0003405000064
0003504999936
0003604999936
0003704999936
0003804999936
0003905000064
0004004999936
0004105000064
0004204999936
0004304999936
0004404999936
0004504999936
0004604999936
0004704999936
0004804999936
0004904999936
0005004999936
0005104999936
0005204999936
0005304999936
0005404999936
0005504999936
0005604999936
0005704999936
0005804999936
0005904999936
0006004999936
0006104999936
0006204999936
0006304999936
0006404999936
0006504999936
0006604999936
0006704999936
0006804999936
0006904999936
0007004999936
0007104999936
0007204999936
0007304999936
0007404999936
0007504999936
0007604999936
0007704999936
0007805000064
0007904999936
0008005000064
0008104999936
0008204999936
0008304999936
0008404999936
0008505000064
0008604999936
0008704999936
0008804999936
0008904999936
0009004999936
0009104999936
0009204999936
0009304999936
0009404999936
0009504999936
0009604999936
0009704999936
0009804999936
0009904999936
0010004999936
0010104999936
0010204999936
0010304999936
0010404999936
0010504999936
0010604999936
0010704999936
0010804999936
0010904999936
0011004999936
0011104999936
0011204999936
0011304999936
0011404999936
0011504999936
0011604999936
0011704999936
0011804999936
0011904999936
0012004999936
0012104999936
0012204999936
0012304999936
0012405000064
0012504999936
0012604999936
0012704999936
0012804999936
0012905000064
0013004999936
0013104999936
0013204999936
0013304999936
0013405000064
0013504999936
0013604999936
0013704999936
0013804999936
0013905000064
0014004999936
0014104999936
0014204999936
0014304999936
0014405000064
0014504999936
0014604999936
0014704999936
0014804999936
0014905000064
0015004999936
0015104999936
0015204999936
0015304999936
0015405000064
0015504999936
0015604999936
0015704999936
0015804999936
0015905000064
0016004999936
0016104999936
0016205000064
0016304999936
0016405000064
0016504999936
0016604999936
0016705000064
0016804999936
0016905000064
0017004999936
0017104999936
0017204999936
0017304999936
0017404999936
0017504999936
0017604999936
0017704999936
0017804999936
0017904999936
0018004999936
0018104999936
0018204999936
0018304999936
0018404999936
0018504999936
0018604999936
0018704999936
0018804999936
0018904999936
0019004999936
0019104999936
0019204999936
0019304999936
0019404999936
0019504999936
0019604999936
0019704999936
0019804999936
0019904999936
0020004999936
0020104999936
0020204999936
0020304999936
0020404999936
0020504999936
0020604999936
0020704999936
0020804999936
0020904999936
0021004999936
0021104999936
0021204999936
0021304999936
0021404999936
0021504999936
0021604999936
0021704999936
0021804999936
0021904999936
0022004999936
0022104999936
0022204999936
0022304999936
0022404999936
0022504999936
0022604999936
0022704999936
0022804999936
0022904999936
0023004999936
0023104999936
0023204999936
0023304999936
0023404999936
0023504999936
0023604999936
0023704999936
0023804999936
0023904999936
0024004999936
0024104999936
0024204999936
0024304999936
0024404999936
0024504999936
0024604999936
0024704999936
0024804999936
0024904999936
0025004999936
0025104999936
0025204999936
0025304999936
0025404999936
0025504999936
0025604999936
0025704999936
0025804999936
0025904999936
0026004999936
0026104999936
0026204999936
0026304999936
0026404999936
0026504999936
0026604999936
0026704999936
0026804999936
0026904999936
0027004999936
0027104999936
0027204999936
0027304999936
0027404999936
0027504999936
0027604999936
0027704999936
0027804999936
0027904999936
0028004999936
0028104999936
0028204999936
0028304999936
0028404999936
0028504999936
0028604999936
0028704999936
0028804999936
0028904999936
0029004999936
0029104999936
0029204999936
0029304999936
0029404999936
0029504999936
0029604999936
0029704999936
0029804999936
0029904999936
0030004999936
0030104999936
0030204999936
0030304999936
0030404999936
0030504999936
0030604999936
0030704999936
0030804999936
0030904999936
0031004999936
0031104999936
0031204999936
0031304999936
0031404999936
0031504999936
0031604999936
0031704999936
0031804999936
0031904999936
0032005000064
0032105000064
0032204999936
0032304999936
0032404999936
0032505000064
0032605000064
0032704999936
0032804999936
0032904999936
0033005000064
0033105000064
0033204999936
0033304999936
0033404999936
0033505000064
0033605000064
0033704999936
0033804999936
0033904999936
0034005000064
0034105000064
0034204999936
0034304999936
0034404999936
0034504999936
0034605000064
0034704999936
0034804999936
0034904999936
0035004999936
0035105000064
0035204999936
0035304999936
0035404999936
0035504999936
0035605000064
0035704999936
0035804999936
0035904999936
0036004999936
0036105000064
0036204999936
0036304999936
0036404999936
0036504999936
0036605000064
0036704999936
0036804999936
0036904999936
0037004999936
0037105000064
0037204999936
0037304999936
0037404999936
0037504999936
0037605000064
0037704999936
0037804999936
0037904999936
0038004999936
0038105000064
0038204999936
0038304999936
0038404999936
0038504999936
0038605000064
0038704999936
0038804999936
0038904999936
0039004999936
0039105000064
0039204999936
0039304999936
0039404999936
0039504999936
0039605000064
0039704999936
0039804999936
0039904999936
0040004999936
0040105000064
0040204999936
0040304999936
0040404999936
0040504999936
0040605000064
0040704999936
0040804999936
0040904999936
0041004999936
0041105000064
0041204999936
0041304999936
0041404999936
0041504999936
0041605000064
0041704999936
0041804999936
0041904999936
0042004999936
0042105000064
0042204999936
0042304999936
0042404999936
0042504999936
0042605000064
0042704999936
0042804999936
0042904999936
0043004999936
0043105000064
0043204999936
0043304999936
0043404999936
0043504999936
0043605000064
0043704999936
0043804999936
0043904999936
0044004999936
0044105000064
0044204999936
0044304999936
0044404999936
0044504999936
0044605000064
0044704999936
0044804999936
0044904999936
0045004999936
0045105000064
0045204999936
0045304999936
0045404999936
0045504999936
0045605000064
0045704999936
0045804999936
0045904999936
0046004999936
0046105000064
0046204999936
0046304999936
0046404999936
0046504999936
0046605000064
0046704999936
0046804999936
0046904999936
0047004999936
0047105000064
0047204999936
0047304999936
0047404999936
0047504999936
0047605000064
0047704999936
0047804999936
0047904999936
0048004999936
0048105000064
0048204999936
0048304999936
0048404999936
0048504999936
0048605000064
0048704999936
0048804999936
0048904999936
0049004999936
0049105000064
0049204999936
0049304999936
0049404999936
0049504999936
0049605000064
0049704999936
0049804999936
0049904999936
0050004999936
0050105000064
0050204999936
0050304999936
0050404999936
0050504999936
0050605000064
0050704999936
0050804999936
0050904999936
0051004999936
0051105000064
0051204999936
0051304999936
0051404999936
0051504999936
0051605000064
0051704999936
0051804999936
0051904999936
0052004999936
0052105000064
0052204999936
0052304999936
0052404999936
0052504999936
0052605000064
0052704999936
0052804999936
0052904999936
0053004999936
0053105000064
0053204999936
0053304999936
0053404999936
0053504999936
0053605000064
0053704999936
0053804999936
0053904999936
0054004999936
0054105000064
0054204999936
0054304999936
0054404999936
0054504999936
0054605000064
0054704999936
0054804999936
0054904999936
0055004999936
0055105000064
0055204999936
0055304999936
0055404999936
0055504999936
0055605000064
0055704999936
0055804999936
0055904999936
0056004999936
0056105000064
0056204999936
0056304999936
0056404999936
0056504999936
0056605000064
0056704999936
0056804999936
0056904999936
0057004999936
0057105000064
0057204999936
0057304999936
0057404999936
0057504999936
0057605000064
0057704999936
0057804999936
0057904999936
0058004999936
0058105000064
0058204999936
0058304999936
0058404999936
0058504999936
0058605000064
0058704999936
0058804999936
0058904999936
0059004999936
0059105000064
0059204999936
0059304999936
0059404999936
0059504999936
0059605000064
0059704999936
0059804999936
0059904999936
0060004999936
0060105000064
0060204999936
0060304999936
0060404999936
0060504999936
0060605000064
0060704999936
0060804999936
0060904999936
0061004999936
0061105000064
0061204999936
0061304999936
0061404999936
0061504999936
0061605000064
0061704999936
0061804999936
0061904999936
0062004999936
0062105000064
0062204999936
0062304999936
0062404999936
0062504999936
0062605000064
0062704999936
0062804999936
0062904999936
0063004999936
0063105000064
0063204999936
0063304999936
0063404999936
0063504999936
0063605000064
0063704999936
0063804999936
0063904999936
0064004999936
0064105000064
0064204999936
0064305000064
0064404999936
0064504999936
0064605000064
0064704999936
0064805000064
0064904999936
0065004999936
0065105000064
0065204999936
0065305000064
0065404999936
0065504999936
0065605000064
0065704999936
0065805000064
0065904999936
0066004999936
0066105000064
0066204999936
0066305000064
0066404999936
0066504999936
0066605000064
0066704999936
0066805000064
0066904999936
0067004999936
0067105000064
0067204999936
0067305000064
0067404999936
0067504999936
0067605000064
0067704999936
0067805000064
0067904999936
0068004999936
0068105000064
0068204999936
0068305000064
0068404999936
0068504999936
0068605000064
0068704999936
0068804999936
0068904999936
0069004999936
0069104999936
0069204999936
0069304999936
0069404999936
0069504999936
0069604999936
0069704999936
0069804999936
0069904999936
0070004999936
0070104999936
0070204999936
0070304999936
0070404999936
0070504999936
0070604999936
0070704999936
0070804999936
0070904999936
0071004999936
0071104999936
0071204999936
0071304999936
0071404999936
0071504999936
0071604999936
0071704999936
0071804999936
0071904999936
0072004999936
0072104999936
0072204999936
0072304999936
0072404999936
0072504999936
0072604999936
0072704999936
0072804999936
0072904999936
0073004999936
0073104999936
0073204999936
0073304999936
0073404999936
0073504999936
0073604999936
0073704999936
0073804999936
0073904999936
0074004999936
0074104999936
0074204999936
0074304999936
0074404999936
0074504999936
0074604999936
0074704999936
0074804999936
0074904999936
0075004999936
0075104999936
0075204999936
0075304999936
0075404999936
0075504999936
0075604999936
0075704999936
0075804999936
0075904999936
0076004999936
0076104999936
0076204999936
0076304999936
0076404999936
0076504999936
0076604999936
0076704999936
0076804999936
0076904999936
0077004999936
0077104999936
0077204999936
0077304999936
0077404999936
0077504999936
0077604999936
0077704999936
0077804999936
0077904999936
0078004999936
0078104999936
0078204999936
0078304999936
0078404999936
0078504999936
0078604999936
0078704999936
0078804999936
0078904999936
0079004999936
0079104999936
0079204999936
0079304999936
0079404999936
0079504999936
0079604999936
0079704999936
0079804999936
0079904999936
0080004999936
0080104999936
0080204999936
0080304999936
0080404999936
0080504999936
0080604999936
0080704999936
0080804999936
0080904999936
0081004999936
0081104999936
0081204999936
0081304999936
0081404999936
0081504999936
0081604999936
0081704999936
0081804999936
0081904999936
0082004999936
0082104999936
0082204999936
0082304999936
0082404999936
0082504999936
0082604999936
0082704999936
0082804999936
0082904999936
0083004999936
0083104999936
0083204999936
0083304999936
0083404999936
0083504999936
0083604999936
0083704999936
0083804999936
0083904999936
0084004999936
0084104999936
0084204999936
0084304999936
0084404999936
0084504999936
0084604999936
0084704999936
0084804999936
0084904999936
0085004999936
0085104999936
0085204999936
0085304999936
0085404999936
0085504999936
0085604999936
0085704999936
0085804999936
0085904999936
0086004999936
0086104999936
0086204999936
0086304999936
0086404999936
0086504999936
0086604999936
0086704999936
0086804999936
0086904999936
0087004999936
0087104999936
0087204999936
0087304999936
0087404999936
0087504999936
0087604999936
0087704999936
0087804999936
0087904999936
0088004999936
0088104999936
0088204999936
0088304999936
0088404999936
0088504999936
0088604999936
0088704999936
0088804999936
0088904999936
0089004999936
0089104999936
0089204999936
0089304999936
0089404999936
0089504999936
0089604999936
0089704999936
0089804999936
0089904999936
0090004999936
0090104999936
0090204999936
0090304999936
0090404999936
0090504999936
0090604999936
0090704999936
0090804999936
0090904999936
0091004999936
0091104999936
0091204999936
0091304999936
0091404999936
0091504999936
0091604999936
0091704999936
0091804999936
0091904999936
0092004999936
0092104999936
0092204999936
0092304999936
0092404999936
0092504999936
0092604999936
0092704999936
0092804999936
0092904999936
0093004999936
0093104999936
0093204999936
0093304999936
0093404999936
0093504999936
0093604999936
0093704999936
0093804999936
0093904999936
0094004999936
0094104999936
0094204999936
0094304999936
0094404999936
0094504999936
0094604999936
0094704999936
0094804999936
0094904999936
0095004999936
0095104999936
0095204999936
0095304999936
0095404999936
0095504999936
0095604999936
0095704999936
0095804999936
0095904999936
0096004999936
0096104999936
0096204999936
0096304999936
0096404999936
0096504999936
0096604999936
0096704999936
0096804999936
0096904999936
0097004999936
0097104999936
0097204999936
0097304999936
0097404999936
0097504999936
0097604999936
0097704999936
0097804999936
0097904999936
0098004999936
0098104999936
0098204999936
0098304999936
0098404999936
0098504999936
0098604999936
0098704999936
0098804999936
0098904999936
0099004999936
0099104999936
0099204999936
0099304999936
0099404999936
0099504999936
0099604999936
0099704999936
0099804999936
0099904999936
0100004999936
0100104999936
0100204999936
0100304999936
0100404999936
0100504999936
0100604999936
0100704999936
0100804999936
0100904999936
0101004999936
0101104999936
0101204999936
0101304999936
0101404999936
0101504999936
0101604999936
0101704999936
0101804999936
0101904999936
0102004999936
0102104999936
0102204999936
0102304999936
0102404999936
0102504999936
0102604999936
0102704999936
0102804999936
0102904999936
0103004999936
0103104999936
0103204999936
0103304999936
0103404999936
0103504999936
0103604999936
0103704999936
0103804999936
0103904999936
0104004999936
0104104999936
0104204999936
0104304999936
0104404999936
0104504999936
0104604999936
0104704999936
0104804999936
0104904999936
0105004999936
0105104999936
0105204999936
0105304999936
0105404999936
0105504999936
0105604999936
0105704999936
0105804999936
0105904999936
0106004999936
0106104999936
0106204999936
0106304999936
0106404999936
0106504999936
0106604999936
0106704999936
0106804999936
0106904999936
0107004999936
0107104999936
0107204999936
0107304999936
0107404999936
0107504999936
0107604999936
0107704999936
0107804999936
0107904999936
0108004999936
0108104999936
0108204999936
0108304999936
0108404999936
0108504999936
0108604999936
0108704999936
0108804999936
0108904999936
0109004999936
0109104999936
0109204999936
0109304999936
0109404999936
0109504999936
0109604999936
0109704999936
0109804999936
0109904999936
0110004999936
0110104999936
0110204999936
0110304999936
0110404999936
0110504999936
0110604999936
0110704999936
0110804999936
0110904999936
0111004999936
0111104999936
0111204999936
0111304999936
0111404999936
0111504999936
0111604999936
0111704999936
0111804999936
0111904999936
0112004999936
0112104999936
0112204999936
0112304999936
0112404999936
0112504999936
0112604999936
0112704999936
0112804999936
0112904999936
0113004999936
0113104999936
0113204999936
0113304999936
0113404999936
0113504999936
0113604999936
0113704999936
0113804999936
0113904999936
0114004999936
0114104999936
0114204999936
0114304999936
0114404999936
0114504999936
0114604999936
0114704999936
0114804999936
0114904999936
0115004999936
0115104999936
0115204999936
0115304999936
0115404999936
0115504999936
0115604999936
0115704999936
0115804999936
0115904999936
0116004999936
0116104999936
0116204999936
0116304999936
0116404999936
0116504999936
0116604999936
0116704999936
0116804999936
0116904999936
0117004999936
0117104999936
0117204999936
0117304999936
0117404999936
0117504999936
0117604999936
0117704999936
0117804999936
0117904999936
0118004999936
0118104999936
0118204999936
0118304999936
0118404999936
0118504999936
0118604999936
0118704999936
0118804999936
0118904999936
0119004999936
0119104999936
0119204999936
0119304999936
0119404999936
0119504999936
0119604999936
0119704999936
0119804999936
0119904999936
0120004999936
0120104999936
0120204999936
0120304999936
0120404999936
0120504999936
0120604999936
0120704999936
0120804999936
0120904999936
0121004999936
0121104999936
0121204999936
0121304999936
0121404999936
0121504999936
0121604999936
0121704999936
0121804999936
0121904999936
0122004999936
0122104999936
0122204999936
0122304999936
0122404999936
0122504999936
0122604999936
0122704999936
0122804999936
0122904999936
0123005000064
0123104999936
0123204999936
0123304999936
0123404999936
0123505000064
0123604999936
0123704999936
0123804999936
0123904999936
0124005000064
0124104999936
0124204999936
0124304999936
0124404999936
0124505000064
0124604999936
0124704999936
0124804999936
0124904999936
0125005000064
0125104999936
0125204999936
0125304999936
0125404999936
0125505000064
0125604999936
0125704999936
0125804999936
0125904999936
0126005000064
0126104999936
0126204999936
0126304999936
0126404999936
0126505000064
0126604999936
0126704999936
0126804999936
0126904999936
0127005000064
0127104999936
0127204999936
0127304999936
0127404999936
0127505000064
0127604999936
0127704999936
0127804999936
0127904999936
0128004999936
0128104999936
0128205000064
0128304999936
0128404999936
0128504999936
0128604999936
0128705000064
0128804999936
0128904999936
0129004999936
0129104999936
0129205000064
0129304999936
0129404999936
0129504999936
0129604999936
0129705000064
0129804999936
0129904999936
0130004999936
0130104999936
0130205000064
0130304999936
0130404999936
0130504999936
0130604999936
0130705000064
0130804999936
0130904999936
0131004999936
0131104999936
0131205000064
0131304999936
0131404999936
0131504999936
0131604999936
0131705000064
0131804999936
0131904999936
0132004999936
0132104999936
0132205000064
0132304999936
0132404999936
0132504999936
0132604999936
0132705000064
0132804999936
0132904999936
0133004999936
0133104999936
0133205000064
0133304999936
0133404999936
0133504999936
0133604999936
0133705000064
0133804999936
0133904999936
0134004999936
0134104999936
0134205000064
0134304999936
0134404999936
0134504999936
0134604999936
0134705000064
0134804999936
0134904999936
0135004999936
0135104999936
0135205000064
0135304999936
0135404999936
0135504999936
0135604999936
0135705000064
0135804999936
0135904999936
0136004999936
0136104999936
0136205000064
0136304999936
0136404999936
0136504999936
0136604999936
0136705000064
0136804999936
0136904999936
0137004999936
0137104999936
0137205000064
0137304999936
0137404999936
0137504999936
0137604999936
0137704999936
0137804999936
0137904999936
0138004999936
0138104999936
0138204999936
0138304999936
0138404999936
0138504999936
0138604999936
0138704999936
0138804999936
0138904999936
0139004999936
0139104999936
0139204999936
0139304999936
0139404999936
0139504999936
0139604999936
0139704999936
0139804999936
0139904999936
0140004999936
0140104999936
0140204999936
0140304999936
0140404999936
0140504999936
0140604999936
0140704999936
0140804999936
0140904999936
0141004999936
0141104999936
0141204999936
0141304999936
0141404999936
0141504999936
0141604999936
0141704999936
0141804999936
0141904999936
0142004999936
0142104999936
0142204999936
0142304999936
0142404999936
0142504999936
0142604999936
0142704999936
0142804999936
0142904999936
0143004999936
0143104999936
0143204999936
0143304999936
0143404999936
0143504999936
0143604999936
0143704999936
0143804999936
0143904999936
0144004999936
0144104999936
0144204999936
0144304999936
0144404999936
0144504999936
0144604999936
0144704999936
0144804999936
0144904999936
0145004999936
0145104999936
0145204999936
0145304999936
0145404999936
0145504999936
0145604999936
0145704999936
0145804999936
0145904999936
0146004999936
0146104999936
0146204999936
0146304999936
0146404999936
0146504999936
0146604999936
0146704999936
0146804999936
0146904999936
0147004999936
0147104999936
0147204999936
0147304999936
0147404999936
0147504999936
0147604999936
0147704999936
0147804999936
0147904999936
0148004999936
0148104999936
0148204999936
0148304999936
0148404999936
0148504999936
0148604999936
0148704999936
0148804999936
0148904999936
0149004999936
0149104999936
0149204999936
0149304999936
0149404999936
0149504999936
0149604999936
0149704999936
0149804999936
0149904999936
0150004999936
0150104999936
0150204999936
0150304999936
0150404999936
0150504999936
0150604999936
0150704999936
0150804999936
0150904999936
0151004999936
0151104999936
0151204999936
0151304999936
0151404999936
0151504999936
0151604999936
0151704999936
0151804999936
0151904999936
0152004999936
0152104999936
0152204999936
0152304999936
0152404999936
0152504999936
0152604999936
0152704999936
0152804999936
0152904999936
0153004999936
0153104999936
0153204999936
0153304999936
0153404999936
0153504999936
0153604999936
0153704999936
0153804999936
0153904999936
0154004999936
0154104999936
0154204999936
0154304999936
0154404999936
0154504999936
0154604999936
0154704999936
0154804999936
0154904999936
0155004999936
0155104999936
0155204999936
0155304999936
0155404999936
0155504999936
0155604999936
0155704999936
0155804999936
0155904999936
0156004999936
0156104999936
0156204999936
0156304999936
0156404999936
0156504999936
0156604999936
0156704999936
0156804999936
0156904999936
0157004999936
0157104999936
0157204999936
0157304999936
0157404999936
0157504999936
0157604999936
0157704999936
0157804999936
0157904999936
0158004999936
0158104999936
0158204999936
0158304999936
0158404999936
0158504999936
0158604999936
0158704999936
0158804999936
0158904999936
0159004999936
0159104999936
0159204999936
0159304999936
0159404999936
0159504999936
0159604999936
0159704999936
0159804999936
0159904999936
0160004999936
0160104999936
0160204999936
0160304999936
0160404999936
0160504999936
0160604999936
0160704999936
0160804999936
0160904999936
0161004999936
0161104999936
0161204999936
0161304999936
0161404999936
0161504999936
0161604999936
0161704999936
0161804999936
0161904999936
0162004999936
0162104999936
0162204999936
0162304999936
0162404999936
0162504999936
0162604999936
0162704999936
0162804999936
0162904999936
0163004999936
0163104999936
0163204999936
0163304999936
0163404999936
0163504999936
0163604999936
0163704999936
0163804999936
0163904999936
0164004999936
0164104999936
0164204999936
0164304999936
0164404999936
0164504999936
0164604999936
0164704999936
0164804999936
0164904999936
0165004999936
0165104999936
0165204999936
0165304999936
0165404999936
0165504999936
0165604999936
0165704999936
0165804999936
0165904999936
0166004999936
0166104999936
0166204999936
0166304999936
0166404999936
0166504999936
0166604999936
0166704999936
0166804999936
0166904999936
0167004999936
0167104999936
0167204999936
0167304999936
0167404999936
0167504999936
0167604999936
0167704999936
0167804999936
0167904999936
0168004999936
0168104999936
0168204999936
0168304999936
0168404999936
0168504999936
0168604999936
0168704999936
0168804999936
0168904999936
0169004999936
0169104999936
0169204999936
0169304999936
0169404999936
0169504999936
0169604999936
0169704999936
0169804999936
0169904999936
0170004999936
0170104999936
0170204999936
0170304999936
0170404999936
0170504999936
0170604999936
0170704999936
0170804999936
0170904999936
0171004999936
0171104999936
0171204999936
0171304999936
0171404999936
0171504999936
0171604999936
0171704999936
0171804999936
0171904999936
0172004999936
0172104999936
0172204999936
0172304999936
0172404999936
0172504999936
0172604999936
0172704999936
0172804999936
0172904999936
0173004999936
0173104999936
0173204999936
0173304999936
0173404999936
0173504999936
0173604999936
0173704999936
0173804999936
0173904999936
0174004999936
0174104999936
0174204999936
0174304999936
0174404999936
0174504999936
0174604999936
0174704999936
0174804999936
0174904999936
0175004999936
0175104999936
0175204999936
0175304999936
0175404999936
0175504999936
0175604999936
0175704999936
0175804999936
0175904999936
0176004999936
0176104999936
0176204999936
0176304999936
0176404999936
0176504999936
0176604999936
0176704999936
0176804999936
0176904999936
0177004999936
0177104999936
0177204999936
0177304999936
0177404999936
0177504999936
0177604999936
0177704999936
0177804999936
0177904999936
0178004999936
0178104999936
0178204999936
0178304999936
0178404999936
0178504999936
0178604999936
0178704999936
0178804999936
0178904999936
0179004999936
0179104999936
0179204999936
0179304999936
0179404999936
0179504999936
0179604999936
0179704999936
0179804999936
0179904999936
0180004999936
0180104999936
0180204999936
0180304999936
0180404999936
0180504999936
0180604999936
0180704999936
0180804999936
0180904999936
0181004999936
0181104999936
0181204999936
0181304999936
0181404999936
0181504999936
0181604999936
0181704999936
0181804999936
0181904999936
0182004999936
0182104999936
0182204999936
0182304999936
0182404999936
0182504999936
0182604999936
0182704999936
0182804999936
0182904999936
0183004999936
0183104999936
0183204999936
0183304999936
0183404999936
0183504999936
0183604999936
0183704999936
0183804999936
0183904999936
0184004999936
0184104999936
0184204999936
0184304999936
0184404999936
0184504999936
0184604999936
0184704999936
0184804999936
0184904999936
0185004999936
0185104999936
0185204999936
0185304999936
0185404999936
0185504999936
0185604999936
0185704999936
0185804999936
0185904999936
0186004999936
0186104999936
0186204999936
0186304999936
0186404999936
0186504999936
0186604999936
0186704999936
0186804999936
0186904999936
0187004999936
0187104999936
0187204999936
0187304999936
0187404999936
0187504999936
0187604999936
0187704999936
0187804999936
0187904999936
0188004999936
0188104999936
0188204999936
0188304999936
0188404999936
0188504999936
0188604999936
0188704999936
0188804999936
0188904999936
0189004999936
0189104999936
0189204999936
0189304999936
0189404999936
0189504999936
0189604999936
0189704999936
0189804999936
0189904999936
0190004999936
0190104999936
0190204999936
0190304999936
0190404999936
0190504999936
0190604999936
0190704999936
0190804999936
0190904999936
0191004999936
0191104999936
0191204999936
0191304999936
0191404999936
0191504999936
0191605000064
0191704999936
0191804999936
0191904999936
0192004999936
0192105000064
0192204999936
0192304999936
0192404999936
0192504999936
0192605000064
0192704999936
0192804999936
0192904999936
0193004999936
0193105000064
0193204999936
0193304999936
0193404999936
0193504999936
0193605000064
0193704999936
0193804999936
0193904999936
0194004999936
0194105000064
0194204999936
0194304999936
0194404999936
0194504999936
0194605000064
0194704999936
0194804999936
0194904999936
0195004999936
0195105000064
0195204999936
0195304999936
0195404999936
0195504999936
0195605000064
0195704999936
0195804999936
0195904999936
0196004999936
0196105000064
0196204999936
0196304999936
0196404999936
0196504999936
0196605000064
0196704999936
0196804999936
0196904999936
0197004999936
0197105000064
0197204999936
0197304999936
0197404999936
0197504999936
0197605000064
0197704999936
0197804999936
0197904999936
0198004999936
0198105000064
0198204999936
0198304999936
0198404999936
0198504999936
0198605000064
0198704999936
0198804999936
0198904999936
0199004999936
0199105000064
0199204999936
0199304999936
0199404999936
0199504999936
0199605000064
0199704999936
0199804999936
0199904999936
0200004999936
0200105000064
0200204999936
0200304999936
0200404999936
0200504999936
0200605000064
0200704999936
0200804999936
0200904999936
0201004999936
0201105000064
0201204999936
0201304999936
0201404999936
0201504999936
0201605000064
0201704999936
0201804999936
0201904999936
0202004999936
0202105000064
0202204999936
0202304999936
0202404999936
0202504999936
0202605000064
0202704999936
0202804999936
0202904999936
0203004999936
0203105000064
0203204999936
0203304999936
0203404999936
0203504999936
0203605000064
0203704999936
0203804999936
0203904999936
0204004999936
0204105000064
0204204999936
0204304999936
0204404999936
0204504999936
0204605000064
0204704999936
0204804999936
0204904999936
0205004999936
0205105000064
0205204999936
0205304999936
0205404999936
0205504999936
0205605000064
0205704999936
0205804999936
0205904999936
0206004999936
0206105000064
0206204999936
0206304999936
0206404999936
0206504999936
0206605000064
0206704999936
0206804999936
0206904999936
0207004999936
0207105000064
0207204999936
0207304999936
0207404999936
0207504999936
0207605000064
0207704999936
0207804999936
0207904999936
0208004999936
0208105000064
0208204999936
0208304999936
0208404999936
0208504999936
0208605000064
0208704999936
0208804999936
0208904999936
0209004999936
0209105000064
0209204999936
0209304999936
0209404999936
0209504999936
0209605000064
0209704999936
0209804999936
0209904999936
0210004999936
0210105000064
0210204999936
0210304999936
0210404999936
0210504999936
0210605000064
0210704999936
0210804999936
0210904999936
0211004999936
0211105000064
0211204999936
0211304999936
0211404999936
0211504999936
0211605000064
0211704999936
0211804999936
0211904999936
0212004999936
0212105000064
0212204999936
0212304999936
0212404999936
0212504999936
0212605000064
0212704999936
0212804999936
0212904999936
0213004999936
0213105000064
0213204999936
0213304999936
0213404999936
0213504999936
0213605000064
0213704999936
0213804999936
0213904999936
0214004999936
0214105000064
0214204999936
0214304999936
0214404999936
0214504999936
0214605000064
0214704999936
0214804999936
0214904999936
0215004999936
0215105000064
0215204999936
0215304999936
0215404999936
0215504999936
0215605000064
0215704999936
0215804999936
0215904999936
0216004999936
0216105000064
0216204999936
0216304999936
0216404999936
0216504999936
0216605000064
0216704999936
0216804999936
0216904999936
0217004999936
0217105000064
0217204999936
0217304999936
0217404999936
0217504999936
0217605000064
0217704999936
0217804999936
0217904999936
0218004999936
0218105000064
0218204999936
0218304999936
0218404999936
0218504999936
0218605000064
0218704999936
0218804999936
0218904999936
0219004999936
0219105000064
0219204999936
0219304999936
0219404999936
0219504999936
0219605000064
0219704999936
0219804999936
0219904999936
0220004999936
0220105000064
0220204999936
0220304999936
0220404999936
0220504999936
0220605000064
0220704999936
0220804999936
0220904999936
0221004999936
0221105000064
0221204999936
0221304999936
0221404999936
0221504999936
0221605000064
0221704999936
0221804999936
0221904999936
0222004999936
0222105000064
0222204999936
0222304999936
0222404999936
0222504999936
0222605000064
0222704999936
0222804999936
0222904999936
0223004999936
0223105000064
0223204999936
0223304999936
0223404999936
0223504999936
0223605000064
0223704999936
0223804999936
0223904999936
0224004999936
0224105000064
0224204999936
0224304999936
0224404999936
0224504999936
0224605000064
0224704999936
0224804999936
0224904999936
0225004999936
0225105000064
0225204999936
0225304999936
0225404999936
0225504999936
0225605000064
0225704999936
0225804999936
0225904999936
0226004999936
0226105000064
0226204999936
0226304999936
0226404999936
0226504999936
0226605000064
0226704999936
0226804999936
0226904999936
0227004999936
0227105000064
0227204999936
0227304999936
0227404999936
0227504999936
0227605000064
0227704999936
0227804999936
0227904999936
0228004999936
0228105000064
0228204999936
0228304999936
0228404999936
0228504999936
0228605000064
0228704999936
0228804999936
0228904999936
0229004999936
0229105000064
0229204999936
0229304999936
0229404999936
0229504999936
0229605000064
0229704999936
0229804999936
0229904999936
0230004999936
0230105000064
0230204999936
0230304999936
0230404999936
0230504999936
0230605000064
0230704999936
0230804999936
0230904999936
0231004999936
0231105000064
0231204999936
0231304999936
0231404999936
0231504999936
0231605000064
0231704999936
0231804999936
0231904999936
0232004999936
0232105000064
0232204999936
0232304999936
0232404999936
0232504999936
0232605000064
0232704999936
0232804999936
0232904999936
0233004999936
0233105000064
0233204999936
0233304999936
0233404999936
0233504999936
0233605000064
0233704999936
0233804999936
0233904999936
0234004999936
0234105000064
0234204999936
0234304999936
0234404999936
0234504999936
0234605000064
0234704999936
0234804999936
0234904999936
0235004999936
0235105000064
0235204999936
0235304999936
0235404999936
0235504999936
0235605000064
0235704999936
0235804999936
0235904999936
0236004999936
0236105000064
0236204999936
0236304999936
0236404999936
0236504999936
0236605000064
0236704999936
0236804999936
0236904999936
0237004999936
0237105000064
0237204999936
0237304999936
0237404999936
0237504999936
0237605000064
0237704999936
0237804999936
0237904999936
0238004999936
0238105000064
0238204999936
0238304999936
0238404999936
0238504999936
0238605000064
0238704999936
0238804999936
0238904999936
0239004999936
0239105000064
0239204999936
0239304999936
0239404999936
0239504999936
0239605000064
0239704999936
0239804999936
0239904999936
0240004999936
0240105000064
0240204999936
0240304999936
0240404999936
0240504999936
0240605000064
0240704999936
0240804999936
0240904999936
0241004999936
0241105000064
0241204999936
0241304999936
0241404999936
0241504999936
0241605000064
0241704999936
0241804999936
0241904999936
0242004999936
0242105000064
0242204999936
0242304999936
0242404999936
0242504999936
0242605000064
0242704999936
0242804999936
0242904999936
0243004999936
0243105000064
0243204999936
0243304999936
0243404999936
0243504999936
0243605000064
0243704999936
0243804999936
0243904999936
0244004999936
0244105000064
0244204999936
0244304999936
0244404999936
0244504999936
0244605000064
0244704999936
0244804999936
0244904999936
0245004999936
0245105000064
0245204999936
0245304999936
0245404999936
0245504999936
0245605000064
0245704999936
0245804999936
0245904999936
0246004999936
0246105000064
0246204999936
0246304999936
0246404999936
0246504999936
0246605000064
0246704999936
0246804999936
0246904999936
0247004999936
0247105000064
0247204999936
0247304999936
0247404999936
0247504999936
0247605000064
0247704999936
0247804999936
0247904999936
0248004999936
0248105000064
0248204999936
0248304999936
0248404999936
0248504999936
0248605000064
0248704999936
0248804999936
0248904999936
0249004999936
0249105000064
0249204999936
0249304999936
0249404999936
0249504999936
0249605000064
0249704999936
0249804999936
0249904999936
0250004999936
0250105000064
0250204999936
0250304999936
0250404999936
0250504999936
0250605000064
0250704999936
0250804999936
0250904999936
0251004999936
0251105000064
0251204999936
0251304999936
0251404999936
0251504999936
0251605000064
0251704999936
0251804999936
0251904999936
0252004999936
0252105000064
0252204999936
0252304999936
0252404999936
0252504999936
0252605000064
0252704999936
0252804999936
0252904999936
0253004999936
0253105000064
0253204999936
0253304999936
0253404999936
0253504999936
0253605000064
0253704999936
0253804999936
0253904999936
0254004999936
0254105000064
0254204999936
0254304999936
0254404999936
0254504999936
0254605000064
0254704999936
0254804999936
0254904999936
0255004999936
0255105000064
0255204999936
0255304999936
0255404999936
0255504999936
0255605000064
0255704999936
0255804999936
0255904999936
0256004999936
0256105000064
0256204999936
0256304999936
0256405000064
0256504999936
0256605000064
0256704999936
0256804999936
0256905000064
0257004999936
0257105000064
0257204999936
0257304999936
0257405000064
0257504999936
0257605000064
0257704999936
0257804999936
0257905000064
0258004999936
0258105000064
0258204999936
0258304999936
0258405000064
0258504999936
0258605000064
0258704999936
0258804999936
0258905000064
0259004999936
0259105000064
0259204999936
0259304999936
0259405000064
0259504999936
0259605000064
0259704999936
0259804999936
0259905000064
0260004999936
0260105000064
0260204999936
0260304999936
0260405000064
0260504999936
0260605000064
0260704999936
0260804999936
0260905000064
0261004999936
0261105000064
0261204999936
0261304999936
0261405000064
0261504999936
0261605000064
0261704999936
0261804999936
0261905000064
0262004999936
0262105000064
0262204999936
0262304999936
0262405000064
0262504999936
0262605000064
0262704999936
0262804999936
0262905000064
0263004999936
0263105000064
0263204999936
0263304999936
0263405000064
0263504999936
0263605000064
0263704999936
0263804999936
0263905000064
0264004999936
0264105000064
0264204999936
0264304999936
0264405000064
0264504999936
0264605000064
0264704999936
0264804999936
0264905000064
0265004999936
0265105000064
0265204999936
0265304999936
0265405000064
0265504999936
0265605000064
0265704999936
0265804999936
0265905000064
0266004999936
0266105000064
0266204999936
0266304999936
0266405000064
0266504999936
0266605000064
0266704999936
0266804999936
0266905000064
0267004999936
0267105000064
0267204999936
0267304999936
0267405000064
0267504999936
0267605000064
0267704999936
0267804999936
0267905000064
0268004999936
0268105000064
0268204999936
0268304999936
0268405000064
0268504999936
0268605000064
0268704999936
0268804999936
0268905000064
0269004999936
0269105000064
0269204999936
0269304999936
0269405000064
0269504999936
0269605000064
0269704999936
0269804999936
0269905000064
0270004999936
0270105000064
0270204999936
0270304999936
0270405000064
0270504999936
0270605000064
0270704999936
0270804999936
0270905000064
0271004999936
0271105000064
0271204999936
0271304999936
0271405000064
0271504999936
0271605000064
0271704999936
0271804999936
0271905000064
0272004999936
0272105000064
0272204999936
0272304999936
0272405000064
0272504999936
0272605000064
0272704999936
0272804999936
0272905000064
0273004999936
0273105000064
0273204999936
0273304999936
0273405000064
0273504999936
0273605000064
0273704999936
0273804999936
0273905000064
0274004999936
0274105000064
0274204999936
0274304999936
0274405000064
0274504999936
0274605000064
0274704999936
0274804999936
0274904999936
0275004999936
0275104999936
0275204999936
0275304999936
0275404999936
0275504999936
0275604999936
0275704999936
0275804999936
0275904999936
0276004999936
0276104999936
0276204999936
0276304999936
0276404999936
0276504999936
0276604999936
0276704999936
0276804999936
0276904999936
0277004999936
0277104999936
0277204999936
0277304999936
0277404999936
0277504999936
0277604999936
0277704999936
0277804999936
0277904999936
0278004999936
0278104999936
0278204999936
0278304999936
0278404999936
0278504999936
0278604999936
0278704999936
0278804999936
0278904999936
0279004999936
0279104999936
0279204999936
0279304999936
0279404999936
0279504999936
0279604999936
0279704999936
0279804999936
0279904999936
0280004999936
0280104999936
0280204999936
0280304999936
0280404999936
0280504999936
0280604999936
0280704999936
0280804999936
0280904999936
0281004999936
0281104999936
0281204999936
0281304999936
0281404999936
0281504999936
0281604999936
0281704999936
0281804999936
0281904999936
0282004999936
0282104999936
0282204999936
0282304999936
0282404999936
0282504999936
0282604999936
0282704999936
0282804999936
0282904999936
0283004999936
0283104999936
0283204999936
0283304999936
0283404999936
0283504999936
0283604999936
0283704999936
0283804999936
0283904999936
0284004999936
0284104999936
0284204999936
0284304999936
0284404999936
0284504999936
0284604999936
0284704999936
0284804999936
0284904999936
0285004999936
0285104999936
0285204999936
0285304999936
0285404999936
0285504999936
0285604999936
0285704999936
0285804999936
0285904999936
0286004999936
0286104999936
0286204999936
0286304999936
0286404999936
0286504999936
0286604999936
0286704999936
0286804999936
0286904999936
0287004999936
0287104999936
0287204999936
0287304999936
0287404999936
0287504999936
0287604999936
0287704999936
0287804999936
0287904999936
0288004999936
0288104999936
0288204999936
0288304999936
0288404999936
0288504999936
0288604999936
0288704999936
0288804999936
0288904999936
0289004999936
0289104999936
0289204999936
0289304999936
0289404999936
0289504999936
0289604999936
0289704999936
0289804999936
0289904999936
0290004999936
0290104999936
0290204999936
0290304999936
0290404999936
0290504999936
0290604999936
0290704999936
0290804999936
0290904999936
0291004999936
0291104999936
0291204999936
0291304999936
0291404999936
0291504999936
0291604999936
0291704999936
0291804999936
0291904999936
0292004999936
0292104999936
0292204999936
0292304999936
0292404999936
0292504999936
0292604999936
0292704999936
0292804999936
0292904999936
0293004999936
0293104999936
0293204999936
0293304999936
0293404999936
0293504999936
0293604999936
0293704999936
0293804999936
0293904999936
0294004999936
0294104999936
0294204999936
0294304999936
0294404999936
0294504999936
0294604999936
0294704999936
0294804999936
0294904999936
0295004999936
0295104999936
0295204999936
0295304999936
0295404999936
0295504999936
0295604999936
0295704999936
0295804999936
0295904999936
0296004999936
0296104999936
0296204999936
0296304999936
0296404999936
0296504999936
0296604999936
0296704999936
0296804999936
0296904999936
0297004999936
0297104999936
0297204999936
0297304999936
0297404999936
0297504999936
0297604999936
0297704999936
0297804999936
0297904999936
0298004999936
0298104999936
0298204999936
0298304999936
0298404999936
0298504999936
0298604999936
0298704999936
0298804999936
0298904999936
0299004999936
0299104999936
0299204999936
0299304999936
0299404999936
0299504999936
0299604999936
0299704999936
0299804999936
0299904999936
0300004999936
0300104999936
0300204999936
0300304999936
0300404999936
0300504999936
0300604999936
0300704999936
0300804999936
0300904999936
0301004999936
0301104999936
0301204999936
0301304999936
0301404999936
0301504999936
0301604999936
0301704999936
0301804999936
0301904999936
0302004999936
0302104999936
0302204999936
0302304999936
0302404999936
0302504999936
0302604999936
0302704999936
0302804999936
0302904999936
0303004999936
0303104999936
0303204999936
0303304999936
0303404999936
0303504999936
0303604999936
0303704999936
0303804999936
0303904999936
0304004999936
0304104999936
0304204999936
0304304999936
0304404999936
0304504999936
0304604999936
0304704999936
0304804999936
0304904999936
0305004999936
0305104999936
0305204999936
0305304999936
0305404999936
0305504999936
0305604999936
0305704999936
0305804999936
0305904999936
0306004999936
0306104999936
0306204999936
0306304999936
0306404999936
0306504999936
0306604999936
0306704999936
0306804999936
0306904999936
0307004999936
0307104999936
0307204999936
0307304999936
0307404999936
0307504999936
0307604999936
0307704999936
0307804999936
0307904999936
0308004999936
0308104999936
0308204999936
0308304999936
0308404999936
0308504999936
0308604999936
0308704999936
0308804999936
0308904999936
0309004999936
0309104999936
0309204999936
0309304999936
0309404999936
0309504999936
0309604999936
0309704999936
0309804999936
0309904999936
0310004999936
0310104999936
0310204999936
0310304999936
0310404999936
0310504999936
0310604999936
0310704999936
0310804999936
0310904999936
0311004999936
0311104999936
0311204999936
0311304999936
0311404999936
0311504999936
0311604999936
0311704999936
0311804999936
0311904999936
0312004999936
0312104999936
0312204999936
0312304999936
0312404999936
0312504999936
0312604999936
0312704999936
0312804999936
0312904999936
0313004999936
0313104999936
0313204999936
0313304999936
0313404999936
0313504999936
0313604999936
0313704999936
0313804999936
0313904999936
0314004999936
0314104999936
0314204999936
0314304999936
0314404999936
0314504999936
0314604999936
0314704999936
0314804999936
0314904999936
0315004999936
0315104999936
0315204999936
0315304999936
0315404999936
0315504999936
0315604999936
0315704999936
0315804999936
0315904999936
0316004999936
0316104999936
0316204999936
0316304999936
0316404999936
0316504999936
0316604999936
0316704999936
0316804999936
0316904999936
0317004999936
0317104999936
0317204999936
0317304999936
0317404999936
0317504999936
0317604999936
0317704999936
0317804999936
0317904999936
0318004999936
0318104999936
0318204999936
0318304999936
0318404999936
0318504999936
0318604999936
0318704999936
0318804999936
0318904999936
0319004999936
0319104999936
0319204999936
0319304999936
0319404999936
0319504999936
0319604999936
0319704999936
0319804999936
0319904999936
0320004999936
0320104999936
0320204999936
0320304999936
0320404999936
0320504999936
0320604999936
0320704999936
0320804999936
0320904999936
0321004999936
0321104999936
0321204999936
0321304999936
0321404999936
0321504999936
0321604999936
0321704999936
0321804999936
0321904999936
0322004999936
0322104999936
0322204999936
0322304999936
0322404999936
0322504999936
0322604999936
0322704999936
0322804999936
0322904999936
0323004999936
0323104999936
0323204999936
0323304999936
0323404999936
0323504999936
0323604999936
0323704999936
0323804999936
0323904999936
0324004999936
0324104999936
0324204999936
0324304999936
0324404999936
0324504999936
0324604999936
0324704999936
0324804999936
0324904999936
0325004999936
0325104999936
0325204999936
0325304999936
0325404999936
0325504999936
0325604999936
0325704999936
0325804999936
0325904999936
0326004999936
0326104999936
0326204999936
0326304999936
0326404999936
0326504999936
0326604999936
0326704999936
0326804999936
0326904999936
0327004999936
0327104999936
0327204999936
0327304999936
0327404999936
0327504999936
0327604999936
0327704999936
0327804999936
0327904999936
0328004999936
0328104999936
0328204999936
0328304999936
0328404999936
0328504999936
0328604999936
0328704999936
0328804999936
0328904999936
0329004999936
0329104999936
0329204999936
0329304999936
0329404999936
0329504999936
0329604999936
0329704999936
0329804999936
0329904999936
0330004999936
0330104999936
0330204999936
0330304999936
0330404999936
0330504999936
0330604999936
0330704999936
0330804999936
0330904999936
0331004999936
0331104999936
0331204999936
0331304999936
0331404999936
0331504999936
0331604999936
0331704999936
0331804999936
0331904999936
0332004999936
0332104999936
0332204999936
0332304999936
0332404999936
0332504999936
0332604999936
0332704999936
0332804999936
0332904999936
0333004999936
0333104999936
0333204999936
0333304999936
0333404999936
0333504999936
0333604999936
0333704999936
0333804999936
0333904999936
0334004999936
0334104999936
0334204999936
0334304999936
0334404999936
0334504999936
0334604999936
0334704999936
0334804999936
0334904999936
0335004999936
0335104999936
0335204999936
0335304999936
0335404999936
0335504999936
0335604999936
0335704999936
0335804999936
0335904999936
0336004999936
0336104999936
0336204999936
0336304999936
0336404999936
0336504999936
0336604999936
0336704999936
0336804999936
0336904999936
0337004999936
0337104999936
0337204999936
0337304999936
0337404999936
0337504999936
0337604999936
0337704999936
0337804999936
0337904999936
0338004999936
0338104999936
0338204999936
0338304999936
0338404999936
0338504999936
0338604999936
0338704999936
0338804999936
0338904999936
0339004999936
0339104999936
0339204999936
0339304999936
0339404999936
0339504999936
0339604999936
0339704999936
0339804999936
0339904999936
0340004999936
0340104999936
0340204999936
0340304999936
0340404999936
0340504999936
0340604999936
0340704999936
0340804999936
0340904999936
0341004999936
0341104999936
0341204999936
0341304999936
0341404999936
0341504999936
0341604999936
0341704999936
0341804999936
0341904999936
0342004999936
0342104999936
0342204999936
0342304999936
0342404999936
0342504999936
0342604999936
0342704999936
0342804999936
0342904999936
0343004999936
0343104999936
0343204999936
0343304999936
0343404999936
0343504999936
0343604999936
0343704999936
0343804999936
0343904999936
0344004999936
0344104999936
0344204999936
0344304999936
0344404999936
0344504999936
0344604999936
0344704999936
0344804999936
0344904999936
0345004999936
0345104999936
0345204999936
0345304999936
0345404999936
0345504999936
0345604999936
0345704999936
0345804999936
0345904999936
0346004999936
0346104999936
0346204999936
0346304999936
0346404999936
0346504999936
0346604999936
0346704999936
0346804999936
0346904999936
0347004999936
0347104999936
0347204999936
0347304999936
0347404999936
0347504999936
0347604999936
0347704999936
0347804999936
0347904999936
0348004999936
0348104999936
0348204999936
0348304999936
0348404999936
0348504999936
0348604999936
0348704999936
0348804999936
0348904999936
0349004999936
0349104999936
0349204999936
0349304999936
0349404999936
0349504999936
0349604999936
0349704999936
0349804999936
0349904999936
0350004999936
0350104999936
0350204999936
0350304999936
0350404999936
0350504999936
0350604999936
0350704999936
0350804999936
0350904999936
0351004999936
0351104999936
0351204999936
0351304999936
0351404999936
0351504999936
0351604999936
0351704999936
0351804999936
0351904999936
0352004999936
0352104999936
0352204999936
0352304999936
0352404999936
0352504999936
0352604999936
0352704999936
0352804999936
0352904999936
0353004999936
0353104999936
0353204999936
0353304999936
0353404999936
0353504999936
0353604999936
0353704999936
0353804999936
0353904999936
0354004999936
0354104999936
0354204999936
0354304999936
0354404999936
0354504999936
0354604999936
0354704999936
0354804999936
0354904999936
0355004999936
0355104999936
0355204999936
0355304999936
0355404999936
0355504999936
0355604999936
0355704999936
0355804999936
0355904999936
0356004999936
0356104999936
0356204999936
0356304999936
0356404999936
0356504999936
0356604999936
0356704999936
0356804999936
0356904999936
0357004999936
0357104999936
0357204999936
0357304999936
0357404999936
0357504999936
0357604999936
0357704999936
0357804999936
0357904999936
0358004999936
0358104999936
0358204999936
0358304999936
0358404999936
0358504999936
0358604999936
0358704999936
0358804999936
0358904999936
0359004999936
0359104999936
0359204999936
0359304999936
0359404999936
0359504999936
0359604999936
0359704999936
0359804999936
0359904999936
0360004999936
0360104999936
0360204999936
0360304999936
0360404999936
0360504999936
0360604999936
0360704999936
0360804999936
0360904999936
0361004999936
0361104999936
0361204999936
0361304999936
0361404999936
0361504999936
0361604999936
0361704999936
0361804999936
0361904999936
0362004999936
0362104999936
0362204999936
0362304999936
0362404999936
0362504999936
0362604999936
0362704999936
0362804999936
0362904999936
0363004999936
0363104999936
0363204999936
0363304999936
0363404999936
0363504999936
0363604999936
0363704999936
0363804999936
0363904999936
0364004999936
0364104999936
0364204999936
0364304999936
0364404999936
0364504999936
0364604999936
0364704999936
0364804999936
0364904999936
0365004999936
0365104999936
0365204999936
0365304999936
0365404999936
0365504999936
0365604999936
0365704999936
0365804999936
0365904999936
0366004999936
0366104999936
0366204999936
0366304999936
0366404999936
0366504999936
0366604999936
0366704999936
0366804999936
0366904999936
0367004999936
0367104999936
0367204999936
0367304999936
0367404999936
0367504999936
0367604999936
0367704999936
0367804999936
0367904999936
0368004999936
0368104999936
0368204999936
0368304999936
0368404999936
0368504999936
0368604999936
0368704999936
0368804999936
0368904999936
0369004999936
0369104999936
0369204999936
0369304999936
0369404999936
0369504999936
0369604999936
0369704999936
0369804999936
0369904999936
0370004999936
0370104999936
0370204999936
0370304999936
0370404999936
0370504999936
0370604999936
0370704999936
0370804999936
0370904999936
0371004999936
0371104999936
0371204999936
0371304999936
0371404999936
0371504999936
0371604999936
0371704999936
0371804999936
0371904999936
0372004999936
0372104999936
0372204999936
0372304999936
0372404999936
0372504999936
0372604999936
0372704999936
0372804999936
0372904999936
0373004999936
0373104999936
0373204999936
0373304999936
0373404999936
0373504999936
0373604999936
0373704999936
0373804999936
0373904999936
0374004999936
0374104999936
0374204999936
0374304999936
0374404999936
0374504999936
0374604999936
0374704999936
0374804999936
0374904999936
0375004999936
0375104999936
0375204999936
0375304999936
0375404999936
0375504999936
0375604999936
0375704999936
0375804999936
0375904999936
0376004999936
0376104999936
0376204999936
0376304999936
0376404999936
0376504999936
0376604999936
0376704999936
0376804999936
0376904999936
0377004999936
0377104999936
0377204999936
0377304999936
0377404999936
0377504999936
0377604999936
0377704999936
0377804999936
0377904999936
0378004999936
0378104999936
0378204999936
0378304999936
0378404999936
0378504999936
0378604999936
0378704999936
0378804999936
0378904999936
0379004999936
0379104999936
0379204999936
0379304999936
0379404999936
0379504999936
0379604999936
0379704999936
0379804999936
0379904999936
0380004999936
0380104999936
0380204999936
0380304999936
0380404999936
0380504999936
0380604999936
0380704999936
0380804999936
0380904999936
0381004999936
0381104999936
0381204999936
0381304999936
0381404999936
0381504999936
0381604999936
0381704999936
0381804999936
0381904999936
0382004999936
0382104999936
0382204999936
0382304999936
0382404999936
0382504999936
0382604999936
0382704999936
0382804999936
0382904999936
0383004999936
0383104999936
0383204999936
0383304999936
0383404999936
0383504999936
0383604999936
0383704999936
0383804999936
0383904999936
0384004999936
0384104999936
0384204999936
0384304999936
0384404999936
0384504999936
0384604999936
0384704999936
0384804999936
0384904999936
0385004999936
0385104999936
0385204999936
0385304999936
0385404999936
0385504999936
0385604999936
0385704999936
0385804999936
0385904999936
0386004999936
0386104999936
0386204999936
0386304999936
0386404999936
0386504999936
0386604999936
0386704999936
0386804999936
0386904999936
0387004999936
0387104999936
0387204999936
0387304999936
0387404999936
0387504999936
0387604999936
0387704999936
0387804999936
0387904999936
0388004999936
0388104999936
0388204999936
0388304999936
0388404999936
0388504999936
0388604999936
0388704999936
0388804999936
0388904999936
0389004999936
0389104999936
0389204999936
0389304999936
0389404999936
0389504999936
0389604999936
0389704999936
0389804999936
0389904999936
0390004999936
0390104999936
0390204999936
0390304999936
0390404999936
0390504999936
0390604999936
0390704999936
0390804999936
0390904999936
0391004999936
0391104999936
0391204999936
0391304999936
0391404999936
0391504999936
0391604999936
0391704999936
0391804999936
0391904999936
0392004999936
0392104999936
0392204999936
0392304999936
0392404999936
0392504999936
0392604999936
0392704999936
0392804999936
0392904999936
0393004999936
0393104999936
0393204999936
0393304999936
0393404999936
0393504999936
0393604999936
0393704999936
0393804999936
0393904999936
0394004999936
0394104999936
0394204999936
0394304999936
0394404999936
0394504999936
0394604999936
0394704999936
0394804999936
0394904999936
0395004999936
0395104999936
0395204999936
0395304999936
0395404999936
0395504999936
0395604999936
0395704999936
0395804999936
0395904999936
0396004999936
0396104999936
0396204999936
0396304999936
0396404999936
0396504999936
0396604999936
0396704999936
0396804999936
0396904999936
0397004999936
0397104999936
0397204999936
0397304999936
0397404999936
0397504999936
0397604999936
0397704999936
0397804999936
0397904999936
0398004999936
0398104999936
0398204999936
0398304999936
0398404999936
0398504999936
0398604999936
0398704999936
0398804999936
0398904999936
0399004999936
0399104999936
0399204999936
0399304999936
0399404999936
0399504999936
0399604999936
0399704999936
0399804999936
0399904999936
0400004999936
0400104999936
0400204999936
0400304999936
0400404999936
0400504999936
0400604999936
0400704999936
0400804999936
0400904999936
0401004999936
0401104999936
0401204999936
0401304999936
0401404999936
0401504999936
0401604999936
0401704999936
0401804999936
0401904999936
0402004999936
0402104999936
0402204999936
0402304999936
0402404999936
0402504999936
0402604999936
0402704999936
0402804999936
0402904999936
0403004999936
0403104999936
0403204999936
0403304999936
0403404999936
0403504999936
0403604999936
0403704999936
0403804999936
0403904999936
0404004999936
0404104999936
0404204999936
0404304999936
0404404999936
0404504999936
0404604999936
0404704999936
0404804999936
0404904999936
0405004999936
0405104999936
0405204999936
0405304999936
0405404999936
0405504999936
0405604999936
0405704999936
0405804999936
0405904999936
0406004999936
0406104999936
0406204999936
0406304999936
0406404999936
0406504999936
0406604999936
0406704999936
0406804999936
0406904999936
0407004999936
0407104999936
0407204999936
0407304999936
0407404999936
0407504999936
0407604999936
0407704999936
0407804999936
0407904999936
0408004999936
0408104999936
0408204999936
0408304999936
0408404999936
0408504999936
0408604999936
0408704999936
0408804999936
0408904999936
0409004999936
0409104999936
0409204999936
0409304999936
0409404999936
0409504999936
0409604999936
0409704999936
0409804999936
0409904999936
0410004999936
0410104999936
0410204999936
0410304999936
0410404999936
0410504999936
0410604999936
0410704999936
0410804999936
0410904999936
0411004999936
0411104999936
0411204999936
0411304999936
0411404999936
0411504999936
0411604999936
0411704999936
0411804999936
0411904999936
0412004999936
0412104999936
0412204999936
0412304999936
0412404999936
0412504999936
0412604999936
0412704999936
0412804999936
0412904999936
0413004999936
0413104999936
0413204999936
0413304999936
0413404999936
0413504999936
0413604999936
0413704999936
0413804999936
0413904999936
0414004999936
0414104999936
0414204999936
0414304999936
0414404999936
0414504999936
0414604999936
0414704999936
0414804999936
0414904999936
0415004999936
0415104999936
0415204999936
0415304999936
0415404999936
0415504999936
0415604999936
0415704999936
0415804999936
0415904999936
0416004999936
0416104999936
0416204999936
0416304999936
0416404999936
0416504999936
0416604999936
0416704999936
0416804999936
0416904999936
0417004999936
0417104999936
0417204999936
0417304999936
0417404999936
0417504999936
0417604999936
0417704999936
0417804999936
0417904999936
0418004999936
0418104999936
0418204999936
0418304999936
0418404999936
0418504999936
0418604999936
0418704999936
0418804999936
0418904999936
0419004999936
0419104999936
0419204999936
0419304999936
0419404999936
0419504999936
0419604999936
0419704999936
0419804999936
0419904999936
0420004999936
0420104999936
0420204999936
0420304999936
0420404999936
0420504999936
0420604999936
0420704999936
0420804999936
0420904999936
0421004999936
0421104999936
0421204999936
0421304999936
0421404999936
0421504999936
0421604999936
0421704999936
0421804999936
0421904999936
0422004999936
0422104999936
0422204999936
0422304999936
0422404999936
0422504999936
0422604999936
0422704999936
0422804999936
0422904999936
0423004999936
0423104999936
0423204999936
0423304999936
0423404999936
0423504999936
0423604999936
0423704999936
0423804999936
0423904999936
0424004999936
0424104999936
0424204999936
0424304999936
0424404999936
0424504999936
0424604999936
0424704999936
0424804999936
0424904999936
0425004999936
0425104999936
0425204999936
0425304999936
0425404999936
0425504999936
0425604999936
0425704999936
0425804999936
0425904999936
0426004999936
0426104999936
0426204999936
0426304999936
0426404999936
0426504999936
0426604999936
0426704999936
0426804999936
0426904999936
0427004999936
0427104999936
0427204999936
0427304999936
0427404999936
0427504999936
0427604999936
0427704999936
0427804999936
0427904999936
0428004999936
0428104999936
0428204999936
0428304999936
0428404999936
0428504999936
0428604999936
0428704999936
0428804999936
0428904999936
0429004999936
0429104999936
0429204999936
0429304999936
0429404999936
0429504999936
0429604999936
0429704999936
0429804999936
0429904999936
0430004999936
0430104999936
0430204999936
0430304999936
0430404999936
0430504999936
0430604999936
0430704999936
0430804999936
0430904999936
0431004999936
0431104999936
0431204999936
0431304999936
0431404999936
0431504999936
0431604999936
0431704999936
0431804999936
0431904999936
0432004999936
0432104999936
0432204999936
0432304999936
0432404999936
0432504999936
0432604999936
0432704999936
0432804999936
0432904999936
0433004999936
0433104999936
0433204999936
0433304999936
0433404999936
0433504999936
0433604999936
0433704999936
0433804999936
0433904999936
0434004999936
0434104999936
0434204999936
0434304999936
0434404999936
0434504999936
0434604999936
0434704999936
0434804999936
0434904999936
0435004999936
0435104999936
0435204999936
0435304999936
0435404999936
0435504999936
0435604999936
0435704999936
0435804999936
0435904999936
0436004999936
0436104999936
0436204999936
0436304999936
0436404999936
0436504999936
0436604999936
0436704999936
0436804999936
0436904999936
0437004999936
0437104999936
0437204999936
0437304999936
0437404999936
0437504999936
0437604999936
0437704999936
0437804999936
0437904999936
0438004999936
0438104999936
0438204999936
0438304999936
0438404999936
0438504999936
0438604999936
0438704999936
0438804999936
0438904999936
0439004999936
0439104999936
0439204999936
0439304999936
0439404999936
0439504999936
0439604999936
0439704999936
0439804999936
0439904999936
0440004999936
0440104999936
0440204999936
0440304999936
0440404999936
0440504999936
0440604999936
0440704999936
0440804999936
0440904999936
0441004999936
0441104999936
0441204999936
0441304999936
0441404999936
0441504999936
0441604999936
0441704999936
0441804999936
0441904999936
0442004999936
0442104999936
0442204999936
0442304999936
0442404999936
0442504999936
0442604999936
0442704999936
0442804999936
0442904999936
0443004999936
0443104999936
0443204999936
0443304999936
0443404999936
0443504999936
0443604999936
0443704999936
0443804999936
0443904999936
0444004999936
0444104999936
0444204999936
0444304999936
0444404999936
0444504999936
0444604999936
0444704999936
0444804999936
0444904999936
0445004999936
0445104999936
0445204999936
0445304999936
0445404999936
0445504999936
0445604999936
0445704999936
0445804999936
0445904999936
0446004999936
0446104999936
0446204999936
0446304999936
0446404999936
0446504999936
0446604999936
0446704999936
0446804999936
0446904999936
0447004999936
0447104999936
0447204999936
0447304999936
0447404999936
0447504999936
0447604999936
0447704999936
0447804999936
0447904999936
0448004999936
0448104999936
0448204999936
0448304999936
0448404999936
0448504999936
0448604999936
0448704999936
0448804999936
0448904999936
0449004999936
0449104999936
0449204999936
0449304999936
0449404999936
0449504999936
0449604999936
0449704999936
0449804999936
0449904999936
0450004999936
0450104999936
0450204999936
0450304999936
0450404999936
0450504999936
0450604999936
0450704999936
0450804999936
0450904999936
0451004999936
0451104999936
0451204999936
0451304999936
0451404999936
0451504999936
0451604999936
0451704999936
0451804999936
0451904999936
0452004999936
0452104999936
0452204999936
0452304999936
0452404999936
0452504999936
0452604999936
0452704999936
0452804999936
0452904999936
0453004999936
0453104999936
0453204999936
0453304999936
0453404999936
0453504999936
0453604999936
0453704999936
0453804999936
0453904999936
0454004999936
0454104999936
0454204999936
0454304999936
0454404999936
0454504999936
0454604999936
0454704999936
0454804999936
0454904999936
0455004999936
0455104999936
0455204999936
0455304999936
0455404999936
0455504999936
0455604999936
0455704999936
0455804999936
0455904999936
0456004999936
0456104999936
0456204999936
0456304999936
0456404999936
0456504999936
0456604999936
0456704999936
0456804999936
0456904999936
0457004999936
0457104999936
0457204999936
0457304999936
0457404999936
0457504999936
0457604999936
0457704999936
0457804999936
0457904999936
0458004999936
0458104999936
0458204999936
0458304999936
0458404999936
0458504999936
0458604999936
0458704999936
0458804999936
0458904999936
0459004999936
0459104999936
0459204999936
0459304999936
0459404999936
0459504999936
0459604999936
0459704999936
0459804999936
0459904999936
0460004999936
0460104999936
0460204999936
0460304999936
0460404999936
0460504999936
0460604999936
0460704999936
0460804999936
0460904999936
0461004999936
0461104999936
0461204999936
0461304999936
0461404999936
0461504999936
0461604999936
0461704999936
0461804999936
0461904999936
0462004999936
0462104999936
0462204999936
0462304999936
0462404999936
0462504999936
0462604999936
0462704999936
0462804999936
0462904999936
0463004999936
0463104999936
0463204999936
0463304999936
0463404999936
0463504999936
0463604999936
0463704999936
0463804999936
0463904999936
0464004999936
0464104999936
0464204999936
0464304999936
0464404999936
0464504999936
0464604999936
0464704999936
0464804999936
0464904999936
0465004999936
0465104999936
0465204999936
0465304999936
0465404999936
0465504999936
0465604999936
0465704999936
0465804999936
0465904999936
0466004999936
0466104999936
0466204999936
0466304999936
0466404999936
0466504999936
0466604999936
0466704999936
0466804999936
0466904999936
0467004999936
0467104999936
0467204999936
0467304999936
0467404999936
0467504999936
0467604999936
0467704999936
0467804999936
0467904999936
0468004999936
0468104999936
0468204999936
0468304999936
0468404999936
0468504999936
0468604999936
0468704999936
0468804999936
0468904999936
0469004999936
0469104999936
0469204999936
0469304999936
0469404999936
0469504999936
0469604999936
0469704999936
0469804999936
0469904999936
0470004999936
0470104999936
0470204999936
0470304999936
0470404999936
0470504999936
0470604999936
0470704999936
0470804999936
0470904999936
0471004999936
0471104999936
0471204999936
0471304999936
0471404999936
